landslides_training_model/shapes/shapes_exact_point/ada_boost_suc.tif
NCOLS 441
NROWS 451
XLLCORNER -92.213079
YLLCORNER 13.747265
DX 0.0090151111
DY 0.0090031242
NODATA_VALUE -9999
[rows 125 to 149 of 451, columns 57 to 113 of 441]
0.49654464 0.49652755 0.49651016 0.49649248 0.4964745 0.49645623 0.49643766 0.49641879 0.49639962 0.49638015 0.49636038 0.4963403 0.49631993 0.49629925 0.49627827 0.496257 0.49623542 0.49621354 0.49619137 0.4961689 0.49614614 0.49612308 0.49609974 0.4960761 0.49605219 0.49602799 0.49600351 0.49597876 0.49595374 0.49592845 0.4959029 0.49587709 0.49585102 0.49582471 0.49579815 0.49577135 0.49574431 0.49571705 0.49568957 0.49566187 0.49563396 0.49560584 0.49557752 0.49554902 0.49552032 0.49549145 0.4954624 0.49543319 0.49540382 0.49537429 0.49534461 0.4953148 0.49528484 0.49525476 0.49522456 0.49519423 0.4951638
0.49657912 0.49656232 0.49654523 0.49652784 0.49651016 0.49649219 0.49647392 0.49645535 0.49643648 0.49641731 0.49639784 0.49637807 0.496358 0.49633763 0.49631696 0.49629599 0.49627472 0.49625316 0.4962313 0.49620914 0.49618669 0.49616395 0.49614093 0.49611761 0.49609402 0.49607014 0.49604599 0.49602156 0.49599686 0.4959719 0.49594668 0.49592119 0.49589546 0.49586948 0.49584325 0.49581679 0.49579009 0.49576316 0.49573602 0.49570866 0.49568109 0.49565331 0.49562534 0.49559718 0.49556883 0.4955403 0.4955116 0.49548274 0.49545371 0.49542453 0.49539521 0.49536575 0.49533615 0.49530642 0.49527657 0.49524661 0.49521653
0.49661378 0.49659728 0.49658048 0.49656339 0.49654601 0.49652833 0.49651036 0.49649209 0.49647352 0.49645465 0.49643548 0.49641602 0.49639625 0.49637619 0.49635582 0.49633516 0.4963142 0.49629294 0.49627139 0.49624954 0.4962274 0.49620498 0.49618226 0.49615926 0.49613598 0.49611242 0.49608859 0.49606448 0.4960401 0.49601546 0.49599056 0.4959654 0.49593999 0.49591433 0.49588843 0.4958623 0.49583593 0.49580933 0.49578252 0.49575549 0.49572825 0.49570081 0.49567317 0.49564534 0.49561733 0.49558914 0.49556078 0.49553226 0.49550357 0.49547474 0.49544575 0.49541663 0.49538738 0.495358 0.49532849 0.49529888 0.49526915
0.49664863 0.49663242 0.49661592 0.49659913 0.49658204 0.49656466 0.49654699 0.49652902 0.49651075 0.49649218 0.49647331 0.49645415 0.49643468 0.49641492 0.49639486 0.4963745 0.49635384 0.49633289 0.49631164 0.4962901 0.49626827 0.49624615 0.49622375 0.49620106 0.49617809 0.49615484 0.49613132 0.49610752 0.49608346 0.49605913 0.49603454 0.4960097 0.49598461 0.49595927 0.49593369 0.49590787 0.49588183 0.49585555 0.49582906 0.49580236 0.49577544 0.49574833 0.49572102 0.49569352 0.49566583 0.49563797 0.49560994 0.49558174 0.49555339 0.49552489 0.49549624 0.49546745 0.49543853 0.49540949 0.49538032 0.49535104 0.49532165
0.49668367 0.49666776 0.49665155 0.49663505 0.49661827 0.49660118 0.49658381 0.49656613 0.49654816 0.49652989 0.49651132 0.49649246 0.49647329 0.49645383 0.49643407 0.49641401 0.49639365 0.496373 0.49635206 0.49633082 0.49630929 0.49628748 0.49626538 0.49624299 0.49622033 0.49619738 0.49617417 0.49615068 0.49612692 0.49610291 0.49607863 0.4960541 0.49602931 0.49600429 0.49597902 0.49595351 0.49592778 0.49590182 0.49587565 0.49584926 0.49582266 0.49579586 0.49576887 0.49574169 0.49571432 0.49568678 0.49565907 0.4956312 0.49560316 0.49557498 0.49554666 0.49551819 0.4954896 0.49546088 0.49543204 0.49540309 0.49537403
0.4967189 0.49670327 0.49668737 0.49667117 0.49665467 0.49663789 0.49662081 0.49660343 0.49658575 0.49656778 0.49654951 0.49653094 0.49651208 0.49649291 0.49647345 0.49645369 0.49643363 0.49641328 0.49639263 0.49637169 0.49635047 0.49632895 0.49630715 0.49628506 0.4962627 0.49624006 0.49621714 0.49619395 0.4961705 0.49614678 0.49612281 0.49609858 0.4960741 0.49604938 0.49602442 0.49599922 0.49597379 0.49594814 0.49592227 0.49589619 0.4958699 0.49584341 0.49581672 0.49578985 0.4957628 0.49573557 0.49570817 0.4956806 0.49565289 0.49562502 0.49559701 0.49556886 0.49554058 0.49551217 0.49548365 0.49545502 0.49542628
0.4967543 0.49673898 0.49672336 0.49670746 0.49669126 0.49667477 0.49665799 0.49664091 0.49662353 0.49660585 0.49658788 0.49656961 0.49655103 0.49653216 0.496513 0.49649353 0.49647377 0.49645371 0.49643336 0.49641272 0.49639179 0.49637056 0.49634906 0.49632727 0.4963052 0.49628285 0.49626023 0.49623734 0.49621418 0.49619076 0.49616708 0.49614315 0.49611897 0.49609454 0.49606988 0.49604498 0.49601985 0.4959945 0.49596892 0.49594314 0.49591715 0.49589096 0.49586458 0.49583801 0.49581125 0.49578432 0.49575723 0.49572997 0.49570255 0.49567499 0.49564728 0.49561943 0.49559146 0.49556336 0.49553515 0.49550682 0.49547839
0.49678989 0.49677486 0.49675955 0.49674394 0.49672804 0.49671185 0.49669536 0.49667857 0.49666149 0.49664411 0.49662643 0.49660845 0.49659017 0.49657159 0.49655272 0.49653354 0.49651407 0.49649431 0.49647425 0.4964539 0.49643325 0.49641232 0.49639111 0.49636961 0.49634783 0.49632577 0.49630344 0.49628084 0.49625797 0.49623484 0.49621145 0.49618781 0.49616392 0.49613978 0.4961154 0.49609079 0.49606595 0.49604089 0.49601561 0.49599012 0.49596442 0.49593852 0.49591243 0.49588615 0.49585969 0.49583305 0.49580625 0.49577928 0.49575216 0.49572488 0.49569747 0.49566992 0.49564224 0.49561444 0.49558652 0.49555849 0.49553036
0.49682566 0.49681093 0.49679591 0.4967806 0.496765 0.4967491 0.49673291 0.49671641 0.49669962 0.49668254 0.49666515 0.49664746 0.49662947 0.49661119 0.4965926 0.49657372 0.49655454 0.49653506 0.49651529 0.49649522 0.49647487 0.49645422 0.49643329 0.49641208 0.49639058 0.49636881 0.49634676 0.49632444 0.49630186 0.49627901 0.49625591 0.49623254 0.49620894 0.49618508 0.49616099 0.49613666 0.4961121 0.49608732 0.49606232 0.49603711 0.4960117 0.49598608 0.49596027 0.49593427 0.49590809 0.49588174 0.49585522 0.49582853 0.49580169 0.49577471 0.49574758 0.49572031 0.49569292 0.4956654 0.49563777 0.49561002 0.49558218
0.49686162 0.49684718 0.49683246 0.49681745 0.49680214 0.49678654 0.49677064 0.49675444 0.49673794 0.49672115 0.49670405 0.49668665 0.49666895 0.49665096 0.49663266 0.49661406 0.49659516 0.49657597 0.49655648 0.4965367 0.49651663 0.49649626 0.49647561 0.49645468 0.49643346 0.49641197 0.4963902 0.49636816 0.49634585 0.49632328 0.49630045 0.49627736 0.49625403 0.49623045 0.49620663 0.49618257 0.49615829 0.49613378 0.49610906 0.49608412 0.49605898 0.49603364 0.4960081 0.49598238 0.49595647 0.49593039 0.49590414 0.49587773 0.49585116 0.49582445 0.49579759 0.4957706 0.49574348 0.49571624 0.49568888 0.49566141 0.49563385
0.49689775 0.49688362 0.49686919 0.49685448 0.49683946 0.49682416 0.49680855 0.49679264 0.49677644 0.49675993 0.49674313 0.49672602 0.49670861 0.49669089 0.49667288 0.49665457 0.49663595 0.49661704 0.49659783 0.49657833 0.49655853 0.49653845 0.49651807 0.49649741 0.49647647 0.49645525 0.49643375 0.49641198 0.49638994 0.49636764 0.49634508 0.49632226 0.49629919 0.49627588 0.49625232 0.49622854 0.49620452 0.49618028 0.49615582 0.49613114 0.49610627 0.49608119 0.49605591 0.49603045 0.49600481 0.49597899 0.49595301 0.49592686 0.49590056 0.49587411 0.49584752 0.49582079 0.49579393 0.49576695 0.49573986 0.49571266 0.49568535
0.49693407 0.49692024 0.49690611 0.49689169 0.49687697 0.49686196 0.49684665 0.49683103 0.49681512 0.4967989 0.49678238 0.49676556 0.49674843 0.496731 0.49671327 0.49669524 0.4966769 0.49665827 0.49663934 0.49662011 0.49660058 0.49658077 0.49656066 0.49654027 0.4965196 0.49649864 0.49647741 0.4964559 0.49643413 0.49641209 0.49638979 0.49636723 0.49634442 0.49632137 0.49629807 0.49627454 0.49625078 0.4962268 0.49620259 0.49617818 0.49615355 0.49612873 0.49610371 0.4960785 0.49605311 0.49602755 0.49600182 0.49597592 0.49594988 0.49592368 0.49589734 0.49587086 0.49584426 0.49581754 0.4957907 0.49576375 0.4957367
0.49697057 0.49695704 0.49694321 0.49692909 0.49691467 0.49689995 0.49688493 0.4968696 0.49685398 0.49683805 0.49682182 0.49680528 0.49678843 0.49677128 0.49675383 0.49673607 0.49671801 0.49669965 0.49668099 0.49666203 0.49664278 0.49662323 0.49660339 0.49658326 0.49656285 0.49654215 0.49652118 0.49649993 0.49647841 0.49645663 0.49643458 0.49641228 0.49638972 0.49636692 0.49634387 0.49632059 0.49629708 0.49627334 0.49624938 0.49622521 0.49620083 0.49617626 0.49615148 0.49612652 0.49610137 0.49607606 0.49605057 0.49602492 0.49599911 0.49597316 0.49594706 0.49592083 0.49589447 0.49586798 0.49584139 0.49581468 0.49578787
0.49700726 0.49699402 0.49698049 0.49696667 0.49695254 0.49693812 0.49692339 0.49690836 0.49689302 0.49687738 0.49686143 0.49684517 0.49682861 0.49681174 0.49679456 0.49677708 0.49675929 0.4967412 0.4967228 0.49670411 0.49668512 0.49666583 0.49664625 0.49662638 0.49660622 0.49658578 0.49656506 0.49654406 0.49652279 0.49650126 0.49647946 0.4964574 0.49643508 0.49641252 0.49638972 0.49636668 0.49634341 0.49631991 0.49629619 0.49627225 0.49624811 0.49622377 0.49619923 0.4961745 0.49614959 0.4961245 0.49609925 0.49607383 0.49604826 0.49602254 0.49599667 0.49597067 0.49594454 0.49591829 0.49589192 0.49586545 0.49583887
0.49704413 0.4970312 0.49701797 0.49700444 0.49699061 0.49697648 0.49696204 0.4969473 0.49693225 0.49691689 0.49690123 0.49688525 0.49686896 0.49685237 0.49683546 0.49681825 0.49680073 0.4967829 0.49676477 0.49674634 0.4967276 0.49670857 0.49668925 0.49666963 0.49664972 0.49662953 0.49660905 0.4965883 0.49656727 0.49654597 0.49652441 0.49650259 0.49648051 0.49645819 0.49643562 0.49641281 0.49638976 0.49636649 0.496343 0.4963193 0.49629538 0.49627126 0.49624695 0.49622244 0.49619776 0.49617289 0.49614786 0.49612267 0.49609731 0.49607181 0.49604617 0.49602039 0.49599448 0.49596845 0.49594231 0.49591605 0.4958897
0.49708119 0.49706856 0.49705563 0.4970424 0.49702887 0.49701503 0.49700088 0.49698643 0.49697167 0.49695659 0.49694121 0.49692551 0.49690949 0.49689317 0.49687654 0.49685959 0.49684233 0.49682477 0.4968069 0.49678872 0.49677024 0.49675146 0.49673238 0.49671301 0.49669334 0.49667339 0.49665315 0.49663264 0.49661184 0.49659078 0.49656945 0.49654786 0.49652601 0.49650391 0.49648156 0.49645897 0.49643615 0.4964131 0.49638983 0.49636634 0.49634264 0.49631874 0.49629464 0.49627035 0.49624587 0.49622122 0.4961964 0.49617142 0.49614628 0.49612099 0.49609555 0.49606998 0.49604429 0.49601847 0.49599253 0.49596648 0.49594034
0.49711844 0.49710611 0.49709348 0.49708055 0.49706731 0.49705377 0.49703992 0.49702575 0.49701127 0.49699648 0.49698137 0.49696595 0.49695021 0.49693415 0.49691779 0.4969011 0.49688411 0.4968668 0.49684918 0.49683125 0.49681302 0.49679449 0.49677565 0.49675652 0.49673709 0.49671737 0.49669737 0.49667708 0.49665651 0.49663567 0.49661456 0.49659319 0.49657156 0.49654968 0.49652755 0.49650517 0.49648256 0.49645972 0.49643666 0.49641338 0.49638988 0.49636619 0.49634229 0.4963182 0.49629393 0.49626948 0.49624486 0.49622008 0.49619514 0.49617005 0.49614482 0.49611945 0.49609395 0.49606832 0.49604259 0.49601674 0.49599079
0.49715587 0.49714385 0.49713153 0.4971189 0.49710596 0.49709271 0.49707914 0.49706526 0.49705107 0.49703656 0.49702173 0.49700658 0.49699111 0.49697532 0.49695921 0.49694279 0.49692605 0.49690899 0.49689163 0.49687395 0.49685596 0.49683766 0.49681906 0.49680016 0.49678096 0.49676147 0.49674169 0.49672163 0.49670128 0.49668066 0.49665976 0.4966386 0.49661718 0.4965955 0.49657358 0.49655141 0.496529 0.49650636 0.49648349 0.49646041 0.49643711 0.49641361 0.49638991 0.49636601 0.49634193 0.49631768 0.49629325 0.49626865 0.4962439 0.496219 0.49619395 0.49616877 0.49614346 0.49611802 0.49609247 0.49606681 0.49604105
0.49719351 0.49718179 0.49716977 0.49715744 0.4971448 0.49713184 0.49711857 0.49710497 0.49709106 0.49707683 0.49706227 0.49704739 0.49703219 0.49701667 0.49700082 0.49698466 0.49696817 0.49695136 0.49693424 0.4969168 0.49689904 0.49688098 0.49686261 0.49684394 0.49682496 0.49680569 0.49678613 0.49676628 0.49674614 0.49672573 0.49670504 0.49668408 0.49666286 0.49664138 0.49661965 0.49659768 0.49657546 0.49655301 0.49653033 0.49650743 0.49648432 0.496461 0.49643749 0.49641377 0.49638987 0.4963658 0.49634154 0.49631713 0.49629255 0.49626783 0.49624296 0.49621795 0.49619282 0.49616756 0.49614218 0.4961167 0.49609111
0.49723134 0.49721993 0.49720821 0.49719618 0.49718384 0.49717118 0.49715819 0.49714488 0.49713125 0.4971173 0.49710302 0.49708841 0.49707347 0.49705821 0.49704262 0.4970267 0.49701046 0.4969939 0.49697701 0.49695981 0.49694229 0.49692445 0.49690631 0.49688785 0.4968691 0.49685004 0.49683068 0.49681104 0.49679111 0.49677089 0.4967504 0.49672964 0.49670861 0.49668732 0.49666577 0.49664398 0.49662194 0.49659967 0.49657717 0.49655445 0.49653151 0.49650837 0.49648502 0.49646148 0.49643775 0.49641384 0.49638975 0.49636551 0.4963411 0.49631654 0.49629183 0.49626699 0.49624202 0.49621692 0.49619171 0.49616639 0.49614097
0.49726937 0.49725827 0.49724686 0.49723513 0.49722309 0.49721072 0.49719802 0.497185 0.49717165 0.49715797 0.49714396 0.49712962 0.49711494 0.49709994 0.4970846 0.49706894 0.49705294 0.49703661 0.49701996 0.49700299 0.49698569 0.49696808 0.49695015 0.49693191 0.49691336 0.49689451 0.49687536 0.49685591 0.49683617 0.49681615 0.49679584 0.49677526 0.49675441 0.4967333 0.49671193 0.49669031 0.49666845 0.49664635 0.49662402 0.49660146 0.49657868 0.4965557 0.49653251 0.49650913 0.49648556 0.4964618 0.49643787 0.49641378 0.49638952 0.49636512 0.49634057 0.49631588 0.49629106 0.49626611 0.49624105 0.49621588 0.49619061
0.49730761 0.49729682 0.49728572 0.49727429 0.49726254 0.49725047 0.49723806 0.49722533 0.49721226 0.49719885 0.49718511 0.49717103 0.49715662 0.49714187 0.49712678 0.49711136 0.4970956 0.49707951 0.49706309 0.49704634 0.49702926 0.49701187 0.49699415 0.49697611 0.49695776 0.49693911 0.49692015 0.49690089 0.49688134 0.49686149 0.49684137 0.49682096 0.49680029 0.49677934 0.49675814 0.49673668 0.49671498 0.49669303 0.49667086 0.49664845 0.49662583 0.496603 0.49657996 0.49655672 0.49653329 0.49650968 0.4964859 0.49646194 0.49643783 0.49641357 0.49638916 0.49636461 0.49633993 0.49631512 0.4962902 0.49626518 0.49624004
0.49734606 0.49733558 0.49732479 0.49731367 0.49730222 0.49729044 0.49727832 0.49726587 0.49725308 0.49723995 0.49722647 0.49721266 0.4971985 0.497184 0.49716916 0.49715398 0.49713845 0.49712259 0.4971064 0.49708986 0.497073 0.49705581 0.4970383 0.49702046 0.49700231 0.49698384 0.49696506 0.49694598 0.49692661 0.49690694 0.49688698 0.49686674 0.49684622 0.49682544 0.49680439 0.49678308 0.49676153 0.49673973 0.4967177 0.49669544 0.49667295 0.49665025 0.49662735 0.49660425 0.49658095 0.49655747 0.49653382 0.49651 0.49648601 0.49646188 0.4964376 0.49641317 0.49638862 0.49636395 0.49633916 0.49631426 0.49628925
0.49738472 0.49737456 0.49736408 0.49735326 0.49734212 0.49733063 0.4973188 0.49730664 0.49729412 0.49728126 0.49726806 0.4972545 0.4972406 0.49722635 0.49721175 0.4971968 0.4971815 0.49716587 0.49714989 0.49713357 0.49711691 0.49709993 0.49708261 0.49706496 0.49704699 0.4970287 0.49701011 0.4969912 0.49697199 0.49695248 0.49693268 0.49691259 0.49689223 0.49687159 0.49685068 0.49682952 0.4968081 0.49678644 0.49676454 0.4967424 0.49672005 0.49669747 0.49667469 0.49665171 0.49662854 0.49660518 0.49658164 0.49655794 0.49653407 0.49651005 0.49648588 0.49646157 0.49643714 0.49641258 0.4963879 0.49636312 0.49633823
0.4974236 0.49741376 0.49740359 0.49739309 0.49738224 0.49737105 0.49735952 0.49734763 0.49733539 0.49732281 0.49730986 0.49729657 0.49728291 0.49726891 0.49725454 0.49723983 0.49722476 0.49720934 0.49719357 0.49717746 0.49716101 0.49714421 0.49712708 0.49710962 0.49709182 0.49707371 0.49705528 0.49703653 0.49701748 0.49699812 0.49697847 0.49695853 0.4969383 0.4969178 0.49689702 0.49687599 0.49685469 0.49683315 0.49681137 0.49678935 0.49676711 0.49674465 0.49672198 0.49669911 0.49667604 0.49665279 0.49662935 0.49660575 0.49658199 0.49655807 0.496534 0.4965098 0.49648547 0.49646101 0.49643644 0.49641175 0.49638697
