landslides_training_model/shapes/shapes_exact_point/ada_boost_suc.tif
NCOLS 441
NROWS 451
XLLCORNER -92.213079
YLLCORNER 13.747265
DX 0.0090151111
DY 0.0090031242
NODATA_VALUE -9999
[rows 100 to 124 of 451, columns 285 to 341 of 441]
0.49539553 0.49535981 0.49536536 0.49501047 0.49358661 0.49325928 0.49314464 0.49314145 0.493324 0.49303453 0.49295876 0.49316848 0.4930454 0.49291246 0.49299039 0.49306169 0.49308319 0.49309497 0.49302901 0.49288644 0.4925864 0.49229599 0.49251387 0.49247262 0.49211901 0.49265804 0.49269807 0.49249234 0.49236902 0.4926684 0.49269085 0.49268354 0.49259181 0.49267435 0.49262252 0.49267648 0.49273176 0.49257782 0.49253404 0.49269248 0.49278034 0.49266773 0.49238662 0.49215199 0.49220206 0.49263019 0.4925682 0.49267098 0.49335599 0.49353269 0.49531886 0.49596935 0.49575262 0.49520721 0.49483776 0.49458175 0.49445601
0.49591649 0.49559323 0.49547529 0.49554444 0.49346648 0.49344369 0.49323512 0.49311583 0.49339061 0.49325004 0.4930804 0.49303665 0.4931349 0.4930571 0.49315664 0.49330633 0.49322589 0.49298196 0.49285908 0.49272935 0.49245242 0.4925222 0.49252098 0.49231642 0.49244354 0.49250851 0.4922628 0.49250502 0.49263277 0.49223005 0.49259745 0.49227057 0.49259653 0.4926118 0.49233353 0.49255507 0.49223957 0.49225315 0.49236587 0.49275301 0.49285876 0.49269919 0.49253039 0.49239716 0.49244297 0.49281423 0.49287729 0.49306498 0.49330376 0.49346647 0.49581167 0.4959687 0.49638101 0.49712567 0.49498031 0.49462479 0.49449967
0.49573912 0.49561306 0.49541546 0.49591124 0.4937632 0.49354033 0.49330608 0.49334725 0.49344911 0.49321811 0.49303804 0.49304938 0.49315719 0.49307065 0.49308959 0.49296501 0.49284925 0.4927255 0.49253529 0.49244012 0.4925718 0.49243101 0.49246494 0.492132 0.49201533 0.49253643 0.49219489 0.49231747 0.49257025 0.49192899 0.49206268 0.49247736 0.49227206 0.49227768 0.49222928 0.49180739 0.49182079 0.49231083 0.49255628 0.49275818 0.49266702 0.49258993 0.49258229 0.49259298 0.49262274 0.49255314 0.49264385 0.49283499 0.49310766 0.49315255 0.4948563 0.49526954 0.49547255 0.4954852 0.49492163 0.49465206 0.49454058
0.4956412 0.49564849 0.49562222 0.49546567 0.49433422 0.49400291 0.49341177 0.49363955 0.49371995 0.49335151 0.49338855 0.4932116 0.4931149 0.49315825 0.492979 0.49282181 0.49282022 0.49268603 0.49242334 0.49234651 0.49240066 0.49227278 0.49229743 0.49208418 0.49216043 0.49211356 0.49197531 0.49257512 0.49257001 0.49178515 0.49177611 0.49179882 0.49171502 0.49177784 0.49175763 0.4921648 0.49183417 0.49203013 0.49230858 0.49268885 0.4926483 0.49257974 0.4925381 0.49239292 0.49235449 0.49257247 0.49266478 0.49287398 0.49350715 0.49360877 0.49631017 0.49666072 0.49700759 0.49518597 0.49484215 0.49467191 0.4945804
0.49617117 0.49607364 0.49586402 0.49583902 0.49434983 0.49408868 0.49369817 0.49377021 0.49380313 0.49342103 0.49330763 0.49318348 0.49304684 0.49322776 0.49287695 0.49283032 0.49279771 0.49272786 0.49257161 0.49246158 0.4925431 0.4924659 0.49234306 0.4923877 0.49212301 0.49216648 0.49216388 0.49231109 0.49252393 0.49178802 0.49225748 0.49169697 0.49195935 0.49219739 0.4917125 0.49170702 0.49188304 0.49198116 0.49235176 0.49257243 0.49263693 0.49274801 0.49279652 0.49264518 0.49250092 0.4925784 0.49281017 0.4929749 0.49357609 0.49556273 0.49625875 0.49582634 0.49692749 0.49525742 0.49486536 0.49470627 0.49462324
0.49546838 0.49537016 0.49573151 0.49586236 0.49596323 0.49379968 0.49343487 0.49343122 0.49314406 0.49307209 0.49318811 0.49294613 0.49278239 0.49286764 0.49281147 0.49276262 0.4928014 0.49267706 0.49249571 0.4924988 0.49257761 0.49242276 0.49235656 0.49251562 0.49207244 0.49213717 0.49255529 0.49258465 0.49215774 0.49190313 0.49145494 0.49137403 0.49117866 0.49163097 0.4917421 0.49199967 0.4922319 0.49187085 0.49223261 0.49246499 0.49243467 0.49267894 0.49290329 0.49280041 0.49271233 0.4928174 0.49297208 0.49316563 0.4937658 0.49563246 0.49607243 0.4966178 0.49673471 0.49525299 0.49489724 0.49474853 0.49466961
0.4955553 0.49542244 0.4954968 0.49610229 0.49552478 0.49499075 0.49327672 0.49322164 0.49366743 0.49350412 0.49306596 0.49293122 0.49287975 0.49301128 0.49279934 0.49271701 0.49263503 0.49268645 0.49251795 0.49239478 0.49256415 0.49257977 0.49237085 0.49257316 0.49218874 0.49217687 0.49219947 0.49250301 0.49243183 0.49241006 0.49166081 0.49109994 0.49120898 0.49122407 0.49160256 0.49162812 0.49189541 0.49187879 0.49219241 0.49250854 0.49234426 0.49237413 0.49257871 0.49266592 0.49279154 0.49305071 0.49328216 0.49375585 0.49511279 0.49586989 0.49565326 0.49630753 0.49565143 0.49517448 0.49492614 0.49479517 0.49471909
0.49556983 0.49552048 0.4955371 0.49559594 0.49551354 0.49536304 0.4953582 0.49358172 0.49347502 0.49363757 0.49315144 0.49275408 0.49290038 0.49286832 0.49287632 0.49279687 0.49277035 0.49266346 0.49254226 0.49247776 0.49256924 0.49268989 0.49244464 0.49238215 0.49242959 0.49261477 0.49258724 0.49225845 0.49220198 0.49213122 0.49231446 0.49227132 0.49221607 0.49175926 0.49170704 0.49179451 0.49178674 0.49187203 0.49227201 0.49272922 0.49278736 0.49272408 0.49287094 0.49296592 0.49352504 0.49437582 0.49477194 0.49512694 0.49587451 0.49658241 0.49569728 0.49644953 0.49552455 0.49519609 0.49497892 0.49484986 0.49477189
0.49524713 0.49518989 0.49492765 0.49526666 0.49534701 0.49507814 0.49501251 0.49437233 0.49472776 0.49323285 0.49331716 0.49251591 0.49257602 0.49282535 0.49308778 0.49280757 0.49289256 0.49296532 0.49273263 0.49258072 0.49258654 0.49263843 0.49269223 0.49243911 0.49249997 0.49241689 0.49225639 0.49218315 0.49256139 0.49204184 0.49199737 0.49209728 0.49236665 0.49191469 0.49133832 0.49225613 0.49191311 0.4919408 0.49270327 0.49298361 0.49303895 0.49289165 0.4928265 0.49313068 0.49379174 0.49428274 0.49473431 0.4954839 0.49564063 0.49632702 0.49612496 0.49653474 0.49707334 0.49538952 0.49506233 0.49491239 0.49482717
0.49550671 0.49522036 0.49512 0.4954834 0.49547428 0.49521422 0.49580137 0.4956197 0.49504013 0.49450587 0.49278957 0.49323157 0.49287967 0.49284269 0.49306852 0.49338088 0.49376196 0.49327975 0.49282904 0.49277624 0.49282873 0.49287106 0.49282565 0.49262164 0.49260737 0.49276309 0.49266799 0.49229652 0.49217219 0.49218503 0.49214688 0.49255939 0.49195485 0.49146374 0.49138363 0.4921359 0.49191788 0.49189331 0.4928181 0.49317547 0.49326307 0.49312728 0.49286199 0.49295067 0.49385362 0.49456914 0.49494602 0.49540622 0.49544743 0.49572165 0.49580519 0.49608873 0.49688698 0.49551735 0.49514291 0.49497499 0.49488238
0.49559171 0.49526273 0.49523685 0.49531269 0.49587495 0.49549826 0.49591019 0.49546527 0.49532663 0.49500479 0.49329481 0.49312689 0.49336631 0.49327662 0.49324401 0.49405302 0.49423848 0.49343977 0.49300432 0.49296837 0.4929074 0.49291883 0.49303365 0.49294457 0.49280259 0.49255076 0.4924681 0.49240707 0.49275331 0.4925696 0.49268801 0.49219049 0.49211173 0.4921227 0.49245809 0.49193742 0.49202293 0.49237217 0.49327842 0.4935188 0.49347222 0.49342222 0.49337797 0.49345487 0.49429287 0.49510263 0.49550948 0.49588224 0.49609081 0.49632633 0.49634976 0.49653205 0.49711553 0.49557266 0.49520209 0.49503103 0.49493504
0.49551101 0.4953063 0.49527941 0.4952145 0.49565807 0.49532154 0.49500152 0.49509065 0.49488412 0.49286641 0.49366518 0.49337668 0.4928721 0.49314079 0.4936938 0.49426994 0.49432596 0.49338215 0.49316182 0.49307666 0.49287705 0.49286387 0.49290077 0.49286615 0.49292777 0.49255685 0.49252386 0.49273423 0.49297921 0.49266509 0.49203857 0.49223508 0.49221035 0.49222438 0.49279869 0.49213946 0.49177745 0.49286098 0.49303952 0.49344945 0.4933321 0.49341196 0.49342236 0.49333083 0.49431865 0.49510462 0.49541459 0.49573543 0.49586183 0.49619899 0.49639913 0.49643668 0.49632302 0.49555983 0.49524259 0.49507967 0.49498434
0.49570851 0.49541163 0.49548409 0.49550854 0.49524553 0.49552991 0.49517915 0.49495589 0.4944608 0.49290777 0.49269877 0.49314903 0.49341235 0.49404679 0.49449969 0.49450875 0.49427521 0.4934581 0.49318923 0.49321382 0.4930704 0.4930458 0.49310081 0.49292871 0.49288528 0.49256223 0.49256517 0.49293704 0.49317647 0.49286253 0.49265078 0.49276414 0.49275742 0.49277144 0.49283117 0.4927893 0.49250151 0.49321389 0.493349 0.49324453 0.49350159 0.49363785 0.49387473 0.49368379 0.49414003 0.49515911 0.49556558 0.4957861 0.49613204 0.49609259 0.49614993 0.4962852 0.49649253 0.49556773 0.49527741 0.49512389 0.49503104
0.49561043 0.4955001 0.4952761 0.49558547 0.49588633 0.49558657 0.49546135 0.4957832 0.49557307 0.49311586 0.49278173 0.49318 0.49352321 0.49453914 0.49463223 0.49501514 0.4949795 0.4946723 0.4942275 0.49361865 0.49334633 0.49368583 0.49390707 0.49341844 0.49308166 0.4926681 0.49285868 0.49296033 0.49324027 0.49296916 0.49292141 0.49318639 0.49288985 0.49289825 0.49320641 0.49326365 0.49327334 0.49335501 0.49367105 0.4936778 0.49363805 0.49355829 0.49385017 0.49399077 0.49423444 0.49479705 0.49548483 0.49601602 0.49632113 0.49647622 0.49669515 0.49652516 0.49658954 0.49559069 0.49531281 0.49516697 0.4950765
0.49560841 0.49554579 0.49550317 0.49544001 0.49546591 0.49519088 0.4955891 0.49570394 0.49526753 0.49471187 0.4930616 0.49297028 0.4929799 0.49340815 0.49474928 0.49504782 0.49504214 0.49466833 0.49461595 0.49440451 0.49426851 0.49440295 0.49437488 0.49376915 0.49293245 0.49276059 0.49283829 0.49306359 0.49302221 0.49304102 0.49289035 0.4927906 0.49293263 0.49319724 0.49299414 0.49312666 0.49336731 0.49341407 0.49346643 0.49310818 0.49330856 0.49331811 0.49356979 0.49397281 0.49413194 0.49438609 0.49529348 0.49599593 0.49601841 0.496033 0.4961322 0.49608926 0.49598688 0.49559236 0.49535294 0.49521182 0.49512201
0.49564247 0.49580308 0.49581267 0.49555852 0.49545265 0.49531837 0.49567526 0.49614698 0.49521363 0.49519328 0.49476623 0.49290877 0.49315804 0.49395442 0.49513392 0.4949463 0.494986 0.4948488 0.49491833 0.49484727 0.49480561 0.49479402 0.49466881 0.4942668 0.49341608 0.4928656 0.49305659 0.4931209 0.49337962 0.49337544 0.49331474 0.4928838 0.49263259 0.49262968 0.49286829 0.49337133 0.49340124 0.49325908 0.49312833 0.49317771 0.49381089 0.49364063 0.49382945 0.49388734 0.49416557 0.4945142 0.49513044 0.4956752 0.49588228 0.49611916 0.49644596 0.49634343 0.49678672 0.49569433 0.49540875 0.49526006 0.49516813
0.49539555 0.49568045 0.49579852 0.49576869 0.49545753 0.49581878 0.49567491 0.4960592 0.49540484 0.49589913 0.49560875 0.49326959 0.49338664 0.49354619 0.49502486 0.49488 0.49510576 0.49524805 0.49525036 0.49502438 0.49494235 0.4949353 0.49487252 0.49475375 0.49423733 0.49321484 0.49298443 0.4934685 0.49358467 0.49348187 0.49343701 0.49330778 0.49267308 0.49331404 0.49336103 0.49308871 0.49340726 0.49371972 0.49351096 0.49328986 0.4937215 0.49388472 0.49404107 0.49410349 0.49414013 0.49449993 0.49494955 0.49543416 0.49606672 0.49650643 0.49645247 0.49679876 0.49740891 0.49580266 0.49546574 0.495309 0.49521438
0.49545273 0.49550718 0.49548061 0.4958352 0.49555374 0.49524927 0.49570153 0.49555471 0.49555662 0.49500236 0.49591508 0.49451655 0.49493769 0.49440995 0.49514559 0.4950043 0.49498097 0.49490243 0.49490263 0.49504977 0.49506502 0.49503649 0.49490695 0.49477328 0.49456384 0.49395894 0.49322525 0.4934989 0.49360169 0.49319516 0.49346124 0.49306829 0.49337096 0.49309689 0.49343409 0.49305658 0.49298698 0.49297993 0.4930989 0.49314789 0.49339436 0.49389251 0.49410127 0.49408203 0.4942503 0.49432329 0.49492497 0.49563395 0.49621172 0.49653131 0.49645216 0.49636083 0.49632147 0.49578372 0.49550874 0.49535625 0.49526018
0.49540966 0.49538241 0.49537947 0.49528255 0.49537076 0.49529892 0.49555871 0.4960511 0.49495034 0.49478018 0.49568553 0.4962005 0.49524191 0.49485029 0.4952659 0.49517151 0.49483475 0.49497428 0.49509896 0.49488309 0.49492625 0.49494151 0.49493296 0.49488555 0.49476865 0.49463583 0.49448423 0.49427643 0.49342438 0.49324862 0.49328069 0.49346698 0.49347224 0.49341884 0.49305643 0.49302826 0.49284814 0.49310768 0.49348635 0.49327696 0.49338373 0.49405146 0.49410105 0.49405341 0.49402599 0.49402236 0.49470886 0.49575587 0.49639701 0.4967268 0.4967344 0.49669862 0.49655984 0.49582023 0.49555722 0.49540414 0.49530556
0.49545396 0.49528924 0.49530681 0.49549328 0.49577464 0.49564571 0.49516416 0.49566386 0.49618572 0.49354948 0.49628862 0.49590489 0.49467017 0.49556387 0.49553902 0.49528712 0.49481876 0.49531524 0.49518391 0.4948085 0.49456348 0.49449602 0.49465839 0.4948929 0.49495855 0.49490311 0.4949915 0.49472392 0.49422586 0.49356092 0.49331134 0.49350683 0.49320179 0.49339238 0.49224308 0.49256114 0.4935302 0.49359839 0.49302583 0.49355574 0.4932021 0.49335937 0.49361201 0.49405795 0.49437089 0.49436259 0.49493333 0.49590802 0.49655954 0.49671104 0.49640246 0.49665692 0.49700727 0.49592543 0.49561772 0.49545339 0.49535009
0.49524509 0.49532386 0.49530522 0.49526355 0.49575059 0.49537701 0.49359763 0.49363453 0.49341361 0.49350481 0.4942874 0.49304367 0.49318604 0.49485797 0.49462036 0.4950531 0.49482112 0.4950442 0.49508841 0.49492167 0.49388928 0.49360636 0.49369191 0.49404015 0.49447465 0.49466067 0.49483678 0.4945449 0.49351706 0.4932702 0.49332911 0.49355277 0.49305523 0.492706 0.49257104 0.49287698 0.49293339 0.49359521 0.49311245 0.49331551 0.49346082 0.49337221 0.49390124 0.49386535 0.49416879 0.49509499 0.49582145 0.49622833 0.49651218 0.49655137 0.49650139 0.49683276 0.49692793 0.49600609 0.49567594 0.49550024 0.49539219
0.49520014 0.49536269 0.49549844 0.49549237 0.49572066 0.49563797 0.49392078 0.49403702 0.49390242 0.49350117 0.49240541 0.49242073 0.49297813 0.49319809 0.49307629 0.49419796 0.49453146 0.49529946 0.49517812 0.49491454 0.49433168 0.49395347 0.4937273 0.49354461 0.49391115 0.49447571 0.49435623 0.49405981 0.4935069 0.49331926 0.49332176 0.49321219 0.49346959 0.49283787 0.4930668 0.49304383 0.49302401 0.49277774 0.49365293 0.49361317 0.49334369 0.49350868 0.49403071 0.49415956 0.49484124 0.49561693 0.49598705 0.49629602 0.4964059 0.49677146 0.49713774 0.49725019 0.49715185 0.4960764 0.49572225 0.49553991 0.49542985
0.49514944 0.49530765 0.49542767 0.49531854 0.49567032 0.49503807 0.49367713 0.49346351 0.49321985 0.49307024 0.49241532 0.49229417 0.49295668 0.49259271 0.49245547 0.49289688 0.49488111 0.49507284 0.49504279 0.49490901 0.49408579 0.49367077 0.49387402 0.49381419 0.4940046 0.49435877 0.49410804 0.49385888 0.49366492 0.49330286 0.49335375 0.49319987 0.49318304 0.49354324 0.49350283 0.49359876 0.49327897 0.49305265 0.49346092 0.49332925 0.4934173 0.49388049 0.49430332 0.49408962 0.49487844 0.49604758 0.4966034 0.49651584 0.49675478 0.49704255 0.49734167 0.49765003 0.49739716 0.49610088 0.4957452 0.49556854 0.49546165
0.49505709 0.4949736 0.49512575 0.49501522 0.49490708 0.49366135 0.49343079 0.49335645 0.49361393 0.49347787 0.4927813 0.4921105 0.49239744 0.49237363 0.49298143 0.49264331 0.49396298 0.49339694 0.49481028 0.49391327 0.49366992 0.49361409 0.4943308 0.49443821 0.49387709 0.4937812 0.494081 0.49397181 0.4936884 0.49351757 0.49341446 0.49366114 0.49355514 0.49320592 0.49277958 0.49328317 0.49370272 0.49290128 0.49377295 0.49282558 0.49372479 0.49375649 0.49467288 0.49437459 0.49464676 0.49560851 0.49626421 0.49629698 0.49642813 0.49682647 0.49711808 0.49711382 0.49656047 0.49601054 0.49574015 0.49558622 0.4954878
0.49501344 0.49481695 0.49488214 0.49484883 0.49366392 0.49337234 0.49359549 0.49316054 0.49275726 0.4921855 0.49278896 0.49287337 0.49221678 0.49221966 0.49302043 0.49313674 0.49301095 0.49354417 0.49491955 0.49499728 0.49387887 0.49447853 0.49499277 0.49490948 0.49428743 0.49382797 0.49380481 0.4939472 0.49405034 0.49388952 0.49376222 0.49324974 0.49316259 0.4932688 0.49323315 0.49326639 0.49332324 0.49298372 0.49323272 0.49342682 0.49386077 0.49457991 0.49482044 0.494778 0.4963002 0.49651046 0.49653528 0.49663355 0.4966883 0.49697119 0.49698958 0.49660101 0.49620391 0.49592084 0.49572752 0.49559838 0.49551014
