landslides_training_model/shapes/shapes_exact_point/ada_boost_suc.tif
NCOLS 441
NROWS 451
XLLCORNER -92.213079
YLLCORNER 13.747265
DX 0.0090151111
DY 0.0090031242
NODATA_VALUE -9999
[rows 0 to 24 of 451, columns 342 to 398 of 441]
0.492581 0.4926321 0.49268284 0.49273259 0.49278113 0.49282836 0.49287428 0.49291893 0.49296235 0.4930046 0.49304574 0.49308583 0.49312492 0.49316307 0.49320033 0.49323675 0.49327237 0.49330723 0.49334137 0.49337482 0.49340761 0.49343978 0.49347135 0.49350235 0.4935328 0.49356272 0.49359214 0.49362107 0.49364953 0.49367754 0.49370511 0.49373227 0.49375901 0.49378536 0.49381133 0.49383692 0.49386216 0.49388705 0.4939116 0.49393581 0.49395971 0.4939833 0.49400658 0.49402956 0.49405226 0.49407467 0.49409681 0.49411867 0.49414028 0.49416162 0.49418272 0.49420357 0.49422417 0.49424454 0.49426468 0.4942846 0.49430429
0.49255419 0.49260657 0.49265871 0.49270991 0.49275986 0.49280845 0.49285565 0.49290148 0.49294601 0.49298928 0.49303136 0.49307232 0.49311223 0.49315113 0.49318909 0.49322617 0.4932624 0.49329783 0.4933325 0.49336646 0.49339973 0.49343235 0.49346435 0.49349575 0.49352658 0.49355687 0.49358663 0.49361589 0.49364467 0.49367297 0.49370083 0.49372826 0.49375526 0.49378186 0.49380807 0.4938339 0.49385935 0.49388445 0.49390921 0.49393362 0.49395771 0.49398148 0.49400494 0.49402809 0.49405095 0.49407352 0.49409581 0.49411782 0.49413957 0.49416105 0.49418228 0.49420326 0.49422399 0.49424448 0.49426474 0.49428477 0.49430457
0.49252906 0.49258238 0.49263573 0.49268826 0.49273955 0.49278944 0.49283786 0.49288484 0.49293042 0.49297467 0.49301766 0.49305946 0.49310014 0.49313977 0.49317841 0.49321611 0.49325293 0.49328891 0.49332411 0.49335855 0.49339228 0.49342534 0.49345774 0.49348954 0.49352074 0.49355137 0.49358147 0.49361105 0.49364013 0.49366872 0.49369686 0.49372455 0.49375181 0.49377865 0.49380509 0.49383114 0.49385681 0.49388212 0.49390707 0.49393168 0.49395595 0.4939799 0.49400353 0.49402684 0.49404986 0.49407259 0.49409502 0.49411718 0.49413907 0.49416069 0.49418204 0.49420315 0.494224 0.49424461 0.49426498 0.49428512 0.49430502
0.49250555 0.49255939 0.49261384 0.49266765 0.49272024 0.49277138 0.49282098 0.49286905 0.49291565 0.49296083 0.49300469 0.49304729 0.49308871 0.49312903 0.49316832 0.49320662 0.493244 0.49328051 0.4933162 0.49335111 0.49338528 0.49341875 0.49345156 0.49348372 0.49351528 0.49354625 0.49357667 0.49360655 0.49363592 0.4936648 0.4936932 0.49372115 0.49374865 0.49377573 0.4938024 0.49382866 0.49385454 0.49388005 0.4939052 0.49392999 0.49395444 0.49397856 0.49400235 0.49402583 0.494049 0.49407188 0.49409446 0.49411676 0.49413878 0.49416052 0.49418201 0.49420323 0.4942242 0.49424493 0.49426541 0.49428565 0.49430566
0.49248272 0.49253722 0.4925929 0.49264805 0.49270195 0.49275432 0.49280506 0.49285418 0.49290174 0.49294781 0.49299249 0.49303585 0.49307798 0.49311895 0.49315884 0.49319771 0.49323563 0.49327264 0.4933088 0.49334416 0.49337875 0.49341262 0.4934458 0.49347832 0.49351022 0.49354152 0.49357224 0.49360242 0.49363207 0.49366122 0.49368988 0.49371807 0.49374581 0.49377311 0.49379999 0.49382647 0.49385255 0.49387825 0.49390358 0.49392855 0.49395318 0.49397746 0.49400142 0.49402505 0.49404837 0.49407139 0.49409411 0.49411654 0.49413869 0.49416057 0.49418218 0.49420352 0.4942246 0.49424544 0.49426603 0.49428637 0.49430649
0.4924592 0.49251543 0.49257277 0.49262943 0.4926847 0.4927383 0.49279014 0.49284027 0.49288874 0.49293565 0.4929811 0.49302517 0.49306796 0.49310955 0.49315002 0.49318942 0.49322784 0.49326533 0.49330194 0.49333771 0.49337271 0.49340695 0.49344049 0.49347335 0.49350557 0.49353718 0.4935682 0.49359866 0.49362858 0.49365798 0.49368689 0.49371531 0.49374328 0.4937708 0.49379789 0.49382457 0.49385084 0.49387673 0.49390224 0.49392738 0.49395217 0.49397662 0.49400073 0.49402451 0.49404798 0.49407113 0.49409399 0.49411655 0.49413883 0.49416083 0.49418255 0.49420401 0.49422521 0.49424615 0.49426684 0.49428729 0.4943075
0.49243457 0.49249387 0.49255341 0.49261182 0.49266853 0.49272336 0.49277628 0.49282737 0.4928767 0.4929244 0.49297056 0.4930153 0.4930587 0.49310087 0.49314186 0.49318178 0.49322066 0.4932586 0.49329562 0.49333179 0.49336716 0.49340176 0.49343564 0.49346882 0.49350135 0.49353325 0.49356455 0.49359527 0.49362545 0.4936551 0.49368424 0.49371289 0.49374107 0.4937688 0.4937961 0.49382296 0.49384943 0.49387549 0.49390117 0.49392648 0.49395143 0.49397603 0.49400029 0.49402422 0.49404782 0.49407111 0.4940941 0.49411679 0.49413919 0.4941613 0.49418314 0.49420471 0.49422601 0.49424705 0.49426785 0.49428839 0.49430869
0.49240955 0.49247278 0.49253496 0.49259529 0.49265351 0.49270957 0.49276353 0.49281552 0.49286566 0.49291408 0.49296091 0.49300626 0.49305023 0.49309292 0.49313441 0.49317479 0.49321411 0.49325245 0.49328987 0.49332641 0.49336213 0.49339707 0.49343126 0.49346475 0.49349756 0.49352974 0.4935613 0.49359228 0.4936227 0.49365258 0.49368195 0.49371081 0.4937392 0.49376713 0.49379461 0.49382166 0.4938483 0.49387454 0.49390038 0.49392585 0.49395095 0.4939757 0.4940001 0.49402417 0.49404791 0.49407133 0.49409444 0.49411725 0.49413976 0.49416199 0.49418394 0.49420561 0.49422702 0.49424816 0.49426905 0.49428969 0.49431008
0.49238492 0.49245258 0.49251766 0.49258003 0.49263976 0.49269701 0.49275195 0.49280478 0.49285566 0.49290474 0.49295217 0.49299808 0.49304256 0.49308573 0.49312767 0.49316847 0.4932082 0.49324692 0.4932847 0.49332158 0.49335763 0.49339287 0.49342736 0.49346113 0.49349422 0.49352666 0.49355847 0.49358969 0.49362033 0.49365044 0.49368001 0.49370908 0.49373767 0.49376578 0.49379345 0.49382067 0.49384748 0.49387388 0.49389988 0.4939255 0.49395075 0.49397564 0.49400018 0.49402437 0.49404824 0.49407179 0.49409502 0.49411794 0.49414057 0.49416291 0.49418496 0.49420673 0.49422824 0.49424948 0.49427046 0.49429119 0.49431167
0.49236141 0.4924338 0.49250187 0.49256625 0.49262742 0.49268576 0.4927416 0.49279519 0.49284673 0.4928964 0.49294437 0.49299077 0.49303572 0.49307932 0.49312167 0.49316285 0.49320295 0.49324201 0.49328012 0.49331732 0.49335366 0.4933892 0.49342396 0.49345799 0.49349133 0.49352401 0.49355606 0.4935875 0.49361836 0.49364867 0.49367844 0.4937077 0.49373647 0.49376477 0.4937926 0.49382 0.49384696 0.49387351 0.49389967 0.49392543 0.49395082 0.49397584 0.49400051 0.49402484 0.49404882 0.49407249 0.49409583 0.49411887 0.4941416 0.49416404 0.4941862 0.49420807 0.49422967 0.494251 0.49427207 0.49429288 0.49431345
0.49234015 0.49241716 0.492488 0.49255418 0.49261662 0.49267593 0.49273254 0.49278678 0.49283889 0.49288908 0.49293752 0.49298436 0.49302971 0.4930737 0.49311641 0.49315794 0.49319836 0.49323774 0.49327614 0.49331363 0.49335024 0.49338604 0.49342106 0.49345533 0.49348891 0.49352181 0.49355407 0.49358572 0.49361678 0.49364728 0.49367724 0.49370668 0.49373563 0.49376409 0.49379209 0.49381964 0.49384675 0.49387345 0.49389975 0.49392565 0.49395117 0.49397632 0.49400111 0.49402556 0.49404966 0.49407344 0.49409689 0.49412003 0.49414287 0.49416541 0.49418766 0.49420962 0.49423131 0.49425273 0.49427389 0.49429478 0.49431543
0.49232264 0.49240346 0.49247649 0.49254406 0.4926075 0.49266757 0.49272482 0.49277959 0.49283218 0.4928828 0.49293164 0.49297885 0.49302455 0.49306887 0.4931119 0.49315373 0.49319444 0.4932341 0.49327277 0.49331052 0.49334738 0.49338341 0.49341866 0.49345316 0.49348694 0.49352005 0.49355251 0.49358436 0.4936156 0.49364628 0.49367642 0.49370603 0.49373513 0.49376375 0.4937919 0.4938196 0.49384686 0.4938737 0.49390012 0.49392615 0.4939518 0.49397707 0.49400198 0.49402654 0.49405075 0.49407464 0.49409819 0.49412144 0.49414437 0.494167 0.49418934 0.4942114 0.49423317 0.49425468 0.49427591 0.49429689 0.4943176
0.49231058 0.49239342 0.49246763 0.49253604 0.49260012 0.49266073 0.49271844 0.49277363 0.4928266 0.49287757 0.49292674 0.49297425 0.49302025 0.49306485 0.49310815 0.49315025 0.49319121 0.49323111 0.49327002 0.49330799 0.49334507 0.49338132 0.49341677 0.49345147 0.49348546 0.49351875 0.4935514 0.49358341 0.49361483 0.49364568 0.49367597 0.49370574 0.493735 0.49376376 0.49379205 0.49381989 0.49384728 0.49387425 0.4939008 0.49392695 0.49395271 0.4939781 0.49400312 0.49402779 0.49405211 0.49407609 0.49409974 0.49412308 0.49414611 0.49416883 0.49419126 0.49421339 0.49423525 0.49425683 0.49427814 0.49429919 0.49431999
0.49230492 0.49238725 0.49246147 0.49253011 0.49259448 0.49265541 0.49271342 0.4927689 0.49282214 0.49287338 0.4929228 0.49297057 0.49301681 0.49306164 0.49310517 0.49314748 0.49318866 0.49322877 0.49326788 0.49330605 0.49334333 0.49337977 0.49341541 0.49345028 0.49348444 0.49351791 0.49355072 0.4935829 0.49361447 0.49364547 0.49367591 0.49370582 0.49373522 0.49376412 0.49379254 0.49382051 0.49384802 0.49387511 0.49390178 0.49392804 0.49395392 0.49397941 0.49400453 0.4940293 0.49405372 0.4940778 0.49410154 0.49412497 0.49414808 0.49417089 0.4941934 0.49421562 0.49423755 0.49425921 0.49428059 0.49430171 0.49432257
0.4923044 0.49238434 0.49245772 0.49252611 0.4925905 0.49265154 0.49270971 0.49276537 0.4928188 0.49287023 0.49291984 0.49296779 0.49301421 0.49305923 0.49310294 0.49314543 0.49318678 0.49322707 0.49326636 0.4933047 0.49334215 0.49337875 0.49341455 0.49344959 0.4934839 0.49351752 0.49355048 0.49358281 0.49361452 0.49364566 0.49367624 0.49370628 0.4937358 0.49376483 0.49379337 0.49382145 0.49384909 0.49387628 0.49390306 0.49392943 0.49395541 0.493981 0.49400622 0.49403108 0.49405559 0.49407976 0.49410359 0.49412711 0.4941503 0.49417319 0.49419577 0.49421806 0.49424007 0.4942618 0.49428325 0.49430444 0.49432536
0.49230619 0.49238355 0.49245585 0.4925238 0.49258804 0.49264906 0.49270728 0.49276303 0.49281656 0.4928681 0.49291783 0.49296591 0.49301246 0.49305761 0.49310146 0.4931441 0.49318559 0.49322603 0.49326546 0.49330394 0.49334153 0.49337828 0.49341422 0.4934494 0.49348384 0.4935176 0.49355069 0.49358314 0.49361499 0.49364625 0.49367695 0.49370711 0.49373675 0.49376589 0.49379455 0.49382274 0.49385047 0.49387778 0.49390465 0.49393112 0.49395719 0.49398288 0.49400819 0.49403314 0.49405773 0.49408198 0.4941059 0.49412949 0.49415276 0.49417572 0.49419838 0.49422074 0.49424282 0.49426461 0.49428613 0.49430737 0.49432836
0.492308 0.49238382 0.49245535 0.49252292 0.49258696 0.4926479 0.49270608 0.49276183 0.49281539 0.49286697 0.49291676 0.49296491 0.49301155 0.49305679 0.49310074 0.49314347 0.49318508 0.49322562 0.49326517 0.49330377 0.49334148 0.49337834 0.4934144 0.4934497 0.49348427 0.49351814 0.49355134 0.49358391 0.49361587 0.49364724 0.49367805 0.49370832 0.49373807 0.49376731 0.49379607 0.49382436 0.49385219 0.49387959 0.49390656 0.49393311 0.49395927 0.49398505 0.49401044 0.49403547 0.49406014 0.49408447 0.49410846 0.49413212 0.49415546 0.49417849 0.49420122 0.49422365 0.49424579 0.49426764 0.49428922 0.49431052 0.49433157
0.49230899 0.49238466 0.49245595 0.4925233 0.49258718 0.49264798 0.49270607 0.49276175 0.49281527 0.49286683 0.49291662 0.49296479 0.49301146 0.49305674 0.49310075 0.49314355 0.49318523 0.49322585 0.49326549 0.49330418 0.49334198 0.49337894 0.4934151 0.4934505 0.49348516 0.49351914 0.49355244 0.49358511 0.49361717 0.49364864 0.49367955 0.49370991 0.49373975 0.49376909 0.49379793 0.49382631 0.49385423 0.49388171 0.49390877 0.49393541 0.49396165 0.4939875 0.49401297 0.49403807 0.49406282 0.49408722 0.49411128 0.49413501 0.49415842 0.49418151 0.4942043 0.49422679 0.49424898 0.49427089 0.49429253 0.49431389 0.49433498
0.49230969 0.49238616 0.49245764 0.49252493 0.49258866 0.49264929 0.49270723 0.49276277 0.49281617 0.49286765 0.49291738 0.49296551 0.49301217 0.49305746 0.49310148 0.49314432 0.49318604 0.49322672 0.49326641 0.49330517 0.49334304 0.49338008 0.49341631 0.49345179 0.49348654 0.49352059 0.49355399 0.49358674 0.49361888 0.49365044 0.49368143 0.49371188 0.4937418 0.49377122 0.49380015 0.4938286 0.4938566 0.49388416 0.49391129 0.49393801 0.49396432 0.49399024 0.49401578 0.49404095 0.49406577 0.49409023 0.49411435 0.49413815 0.49416161 0.49418477 0.49420761 0.49423016 0.49425241 0.49427437 0.49429606 0.49431747 0.49433861
0.4923111 0.4923888 0.49246065 0.49252791 0.49259144 0.49265183 0.49270952 0.49276485 0.49281808 0.49286941 0.49291903 0.49296707 0.49301367 0.49305893 0.49310293 0.49314576 0.4931875 0.4932282 0.49326792 0.49330672 0.49334465 0.49338174 0.49341803 0.49345357 0.49348839 0.49352251 0.49355597 0.4935888 0.49362101 0.49365264 0.4936837 0.49371422 0.49374422 0.49377371 0.49380271 0.49383123 0.4938593 0.49388693 0.49391413 0.49394091 0.49396729 0.49399327 0.49401888 0.49404411 0.49406899 0.49409351 0.49411769 0.49414154 0.49416506 0.49418827 0.49421116 0.49423376 0.49425606 0.49427807 0.49429981 0.49432126 0.49434245
0.49231445 0.49239334 0.49246537 0.49253242 0.4925956 0.49265562 0.49271296 0.49276798 0.49282095 0.49287208 0.49292153 0.49296944 0.49301594 0.49306112 0.49310507 0.49314788 0.49318959 0.49323029 0.49327003 0.49330885 0.4933468 0.49338392 0.49342026 0.49345584 0.4934907 0.49352488 0.4935584 0.49359128 0.49362355 0.49365524 0.49368636 0.49371695 0.493747 0.49377655 0.49380562 0.4938342 0.49386234 0.49389002 0.49391728 0.49394412 0.49397056 0.4939966 0.49402226 0.49404755 0.49407248 0.49409705 0.49412128 0.49414518 0.49416876 0.49419201 0.49421496 0.4942376 0.49425994 0.494282 0.49430378 0.49432527 0.4943465
0.49232157 0.49240065 0.49247221 0.49253863 0.49260119 0.49266065 0.49271751 0.49277214 0.49282478 0.49287563 0.49292486 0.4929726 0.49301895 0.49306402 0.49310789 0.49315063 0.49319231 0.49323298 0.4932727 0.49331152 0.49334948 0.49338662 0.49342298 0.49345859 0.49349349 0.4935277 0.49356126 0.49359419 0.4936265 0.49365824 0.49368941 0.49372005 0.49375015 0.49377976 0.49380887 0.49383751 0.4938657 0.49389343 0.49392074 0.49394764 0.49397412 0.49400022 0.49402593 0.49405126 0.49407624 0.49410086 0.49412514 0.49414909 0.4941727 0.494196 0.49421899 0.49424167 0.49426406 0.49428616 0.49430797 0.4943295 0.49435077
0.49233429 0.49241141 0.49248142 0.49254662 0.49260821 0.4926669 0.49272315 0.49277727 0.4928295 0.49288002 0.49292898 0.4929765 0.49302268 0.49306761 0.49311137 0.49315402 0.49319564 0.49323626 0.49327595 0.49331474 0.49335269 0.49338983 0.49342619 0.49346182 0.49349673 0.49353097 0.49356456 0.49359751 0.49362987 0.49366164 0.49369285 0.49372352 0.49375367 0.49378332 0.49381247 0.49384116 0.49386938 0.49389717 0.49392452 0.49395146 0.49397799 0.49400412 0.49402988 0.49405526 0.49408028 0.49410494 0.49412926 0.49415324 0.4941769 0.49420024 0.49422326 0.49424598 0.49426841 0.49429054 0.49431239 0.49433395 0.49435525
0.49235294 0.4924256 0.49249291 0.4925563 0.49261659 0.4926743 0.49272979 0.49278331 0.49283507 0.4928852 0.49293385 0.49298112 0.4930271 0.49307186 0.49311548 0.49315803 0.49319955 0.4932401 0.49327974 0.4933185 0.49335642 0.49339354 0.49342989 0.49346552 0.49350044 0.49353468 0.49356828 0.49360126 0.49363363 0.49366543 0.49369667 0.49372737 0.49375755 0.49378723 0.49381642 0.49384514 0.4938734 0.49390122 0.49392861 0.49395558 0.49398215 0.49400832 0.49403411 0.49405953 0.49408458 0.49410928 0.49413364 0.49415766 0.49418135 0.49420472 0.49422778 0.49425053 0.49427298 0.49429515 0.49431702 0.49433862 0.49435995
0.49237553 0.49244236 0.49250624 0.4925674 0.49262613 0.49268271 0.49273734 0.49279019 0.49284142 0.49289113 0.49293944 0.49298642 0.49303217 0.49307674 0.4931202 0.49316262 0.49320404 0.49324451 0.49328407 0.49332277 0.49336065 0.49339774 0.49343407 0.49346967 0.49350459 0.49353883 0.49357243 0.49360541 0.4936378 0.49366961 0.49370087 0.49373159 0.49376179 0.49379149 0.49382071 0.49384946 0.49387775 0.49390559 0.49393301 0.49396002 0.49398661 0.49401282 0.49403864 0.49406408 0.49408917 0.4941139 0.49413828 0.49416233 0.49418605 0.49420945 0.49423253 0.49425531 0.4942778 0.49429998 0.49432189 0.49434351 0.49436486
