landslides_training_model/shapes/shapes_exact_point/ada_boost_suc.tif
NCOLS 441
NROWS 451
XLLCORNER -92.213079
YLLCORNER 13.747265
DX 0.0090151111
DY 0.0090031242
NODATA_VALUE -9999
[rows 0 to 24 of 451, columns 114 to 170 of 441]
0.49286102 0.49281749 0.49277287 0.49272707 0.49268 0.49263154 0.49258156 0.49252991 0.49247641 0.49242083 0.4923629 0.4923023 0.49223859 0.49217121 0.49209941 0.49202209 0.49193759 0.49184317 0.49173369 0.49159798 0.49140464 0.49102622 0.49091601 0.49111047 0.49119664 0.49101748 0.49079648 0.49065508 0.49068173 0.49081766 0.49087289 0.49126267 0.49160416 0.49163583 0.49175842 0.49160834 0.49153906 0.49151423 0.49154998 0.49153112 0.49159642 0.4917003 0.4917259 0.4914888 0.49119139 0.49102287 0.49080164 0.49107507 0.49155755 0.49110093 0.49110399 0.49074801 0.49073308 0.49099414 0.49083151 0.49077449 0.49063983
0.49284607 0.49280174 0.49275625 0.49270951 0.49266141 0.49261182 0.49256061 0.49250758 0.49245255 0.49239525 0.49233538 0.49227256 0.49220629 0.49213593 0.4920606 0.49197906 0.49188939 0.49178843 0.49167027 0.49152185 0.49130695 0.49088394 0.49074845 0.49093576 0.49101576 0.49082904 0.4905817 0.49062596 0.49058928 0.4906679 0.49067394 0.49100485 0.49155601 0.49182783 0.49176388 0.49169245 0.49174156 0.49177623 0.49182776 0.49187997 0.49186799 0.49178629 0.49173317 0.49166855 0.49146215 0.49118195 0.49102967 0.49109803 0.49146345 0.49130612 0.49130609 0.49104542 0.49099451 0.4911645 0.49102717 0.49081719 0.49071209
0.49283173 0.49278663 0.49274031 0.49269267 0.4926436 0.49259295 0.49254056 0.49248624 0.49242976 0.49237085 0.49230917 0.49224428 0.49217565 0.49210257 0.49202408 0.49193883 0.49184487 0.49173901 0.49161562 0.49146253 0.49124579 0.49083027 0.49065734 0.49077381 0.49087625 0.49076267 0.49069167 0.4906898 0.49075679 0.49065846 0.49068884 0.49094863 0.49158975 0.49193854 0.49180579 0.4917037 0.49180751 0.49177982 0.49185391 0.49195859 0.49198353 0.49189032 0.4918363 0.49180995 0.4916251 0.49141583 0.49132263 0.4910997 0.49116459 0.49114106 0.49126432 0.49117205 0.49122984 0.49121658 0.49113827 0.49098428 0.49091871
0.49281803 0.49277221 0.49272511 0.49267663 0.49262663 0.49257498 0.49252149 0.49246596 0.49240815 0.49234775 0.4922844 0.49221763 0.49214687 0.49207134 0.49199005 0.49190161 0.49180407 0.49169452 0.49156825 0.49141627 0.49121348 0.49083601 0.49066478 0.49072436 0.49078014 0.49075608 0.49070127 0.4905833 0.49087196 0.49082588 0.49068928 0.49087856 0.49156587 0.49186095 0.49203027 0.49190858 0.49187058 0.49176042 0.49179499 0.49184193 0.49188998 0.49189026 0.49182665 0.49175665 0.49164151 0.49150277 0.49138365 0.49118248 0.49110338 0.49097866 0.49112211 0.49119476 0.49137736 0.49123861 0.49097565 0.49111238 0.49122193
0.49280501 0.49275851 0.49271068 0.49266141 0.49261056 0.49255798 0.49250348 0.49244684 0.4923878 0.49232605 0.49226119 0.49219274 0.49212008 0.4920424 0.49195865 0.49186742 0.49176673 0.49165383 0.49152477 0.49137403 0.49119615 0.49101184 0.49088886 0.49087361 0.49094645 0.49083061 0.49070344 0.49054776 0.49077407 0.49098793 0.49089134 0.49089656 0.49160272 0.49189916 0.49216273 0.49193001 0.49188524 0.4918078 0.49188696 0.49187158 0.49195922 0.49198747 0.49194603 0.49184584 0.4917572 0.4916298 0.49143801 0.49138554 0.49125345 0.49099877 0.49111825 0.49124797 0.49129172 0.49113826 0.49081691 0.49098225 0.49114521
0.4927927 0.49274557 0.49269707 0.49264707 0.49259543 0.492542 0.49248658 0.49242893 0.4923688 0.49230584 0.49223964 0.49216971 0.49209539 0.49201585 0.49192997 0.49183628 0.49173267 0.49161616 0.4914823 0.49132426 0.49113168 0.49088961 0.49080228 0.49084918 0.49090578 0.49076692 0.49043846 0.49046094 0.49057305 0.49082656 0.49081402 0.49090598 0.49162058 0.49186509 0.49195649 0.49187586 0.49197027 0.4918243 0.49189204 0.49196684 0.49203931 0.49198972 0.49188244 0.49178204 0.49173195 0.49161179 0.49137169 0.4912455 0.49113935 0.49104038 0.49101485 0.49098961 0.49093117 0.49081314 0.49068157 0.49091418 0.49079593
0.49278113 0.49273342 0.49268429 0.49263363 0.49258128 0.49252708 0.49247083 0.49241229 0.49235118 0.49228716 0.49221981 0.49214861 0.49207288 0.49199177 0.49190411 0.4918083 0.49170205 0.49158183 0.49144165 0.49126942 0.49103087 0.49056511 0.49041726 0.49049763 0.4905171 0.49048347 0.49024457 0.49042951 0.49048353 0.4905551 0.49059974 0.49082599 0.49158853 0.49178388 0.49184153 0.49200928 0.49205151 0.49174287 0.49177148 0.49185843 0.49187603 0.49183409 0.49179901 0.49171054 0.49159298 0.4914239 0.49118233 0.49099948 0.49094156 0.49107856 0.49087508 0.490771 0.49077542 0.49071504 0.49080422 0.49081536 0.49071435
0.49277031 0.49272207 0.49267238 0.49262112 0.49256813 0.49251325 0.49245626 0.49239694 0.49233499 0.49227006 0.49220174 0.49212948 0.4920526 0.49197022 0.49188115 0.49178369 0.49167535 0.4915521 0.49140666 0.49122321 0.49095587 0.4904037 0.49020328 0.49023439 0.49021781 0.49024099 0.49016697 0.49026218 0.49043164 0.49058496 0.49071268 0.49090606 0.4915212 0.49180453 0.49181819 0.49202567 0.49191586 0.49171492 0.49173999 0.4916888 0.49170088 0.49172337 0.49174934 0.49169902 0.49143595 0.491148 0.49102913 0.49097279 0.49098265 0.49100659 0.49087999 0.49075706 0.49089808 0.49092773 0.49099409 0.49072157 0.49076544
0.49276026 0.49271154 0.49266135 0.49260956 0.49255601 0.49250053 0.49244291 0.49238291 0.49232025 0.49225457 0.49218544 0.49211233 0.49203456 0.49195123 0.49186114 0.49176258 0.49165296 0.49152809 0.49138038 0.49119378 0.49092521 0.49040493 0.49021746 0.49017555 0.49008471 0.49013409 0.48999091 0.490069 0.49022767 0.49032705 0.49048415 0.49069816 0.49142273 0.49178417 0.4915616 0.4917107 0.49170149 0.49172052 0.49167485 0.49163855 0.49162153 0.49162909 0.49159172 0.49151102 0.49120023 0.49090891 0.49093226 0.49101313 0.49101476 0.49082709 0.49081308 0.49070276 0.49079845 0.49084301 0.49100332 0.49079488 0.49080388
0.49275099 0.49270185 0.49265122 0.49259896 0.49254492 0.49248893 0.49243077 0.49237021 0.49230696 0.49224067 0.49217091 0.49209716 0.49201874 0.49193477 0.49184406 0.49174496 0.49163494 0.49151003 0.49136313 0.49118012 0.49092648 0.49048357 0.49024424 0.49011673 0.49003769 0.49008593 0.49006819 0.49007048 0.49014088 0.49033066 0.49038046 0.49057924 0.49126027 0.49133032 0.49110164 0.4913075 0.49127798 0.49149338 0.49166232 0.49159014 0.49150526 0.49154491 0.49130902 0.49110343 0.49092447 0.49080911 0.49088181 0.49095132 0.49090261 0.49082753 0.49087772 0.49078224 0.49060004 0.49074232 0.49100793 0.4909425 0.49083753
0.49274251 0.492693 0.49264198 0.49258932 0.49253487 0.49247845 0.49241985 0.49235884 0.49229512 0.49222836 0.49215813 0.49208392 0.49200507 0.49192073 0.49182977 0.49173061 0.49162096 0.49149721 0.49135325 0.49117729 0.49094128 0.49055318 0.49023037 0.49008853 0.49009573 0.49003212 0.49008489 0.49009908 0.49025882 0.49049101 0.49053184 0.49069832 0.49130832 0.49112413 0.49086495 0.49107371 0.49105253 0.49142141 0.49162264 0.4913622 0.49125776 0.49124915 0.49097078 0.4908333 0.49076344 0.49072016 0.49079481 0.49082921 0.49084161 0.49092436 0.49087301 0.49081054 0.49063634 0.49072414 0.49100766 0.49103925 0.49098234
0.49273481 0.49268499 0.49263365 0.49258066 0.49252586 0.49246909 0.49241014 0.49234877 0.49228471 0.4922176 0.49214705 0.49207255 0.49199347 0.491909 0.49181805 0.49171919 0.49161034 0.49148841 0.49134834 0.49118071 0.49096294 0.49061851 0.49032362 0.49019117 0.49022092 0.49014185 0.49002896 0.49011342 0.49032162 0.4903949 0.49050373 0.49058403 0.49112634 0.49101966 0.49074822 0.49066911 0.49073984 0.49097958 0.49106909 0.49094213 0.49070956 0.49062491 0.49060238 0.49058836 0.49053728 0.49057152 0.4907446 0.4908775 0.49092193 0.49092856 0.49076886 0.49071095 0.49070526 0.49081545 0.49085874 0.49100048 0.49087874
0.49272791 0.49267782 0.49262622 0.49257295 0.49251789 0.49246084 0.49240163 0.49234 0.49227569 0.49220836 0.49213762 0.49206298 0.49198383 0.49189939 0.49180866 0.49171027 0.49160237 0.49148226 0.49134579 0.49118581 0.49098552 0.49067366 0.49053067 0.49045112 0.49042108 0.49039952 0.49018477 0.49022763 0.49031034 0.49049858 0.49044432 0.49043793 0.49066449 0.49080808 0.49062352 0.49048295 0.49045577 0.49063473 0.49066397 0.49080499 0.49039711 0.49016855 0.49037454 0.49040124 0.49031736 0.49042584 0.49070498 0.49092314 0.49093131 0.49081397 0.49069681 0.49080687 0.49082778 0.49082894 0.49074863 0.49080618 0.49075031
0.49272178 0.49267149 0.49261967 0.4925662 0.49251092 0.49245368 0.49239428 0.49233249 0.49226803 0.49220059 0.49212978 0.49205513 0.49197605 0.49189178 0.49180136 0.4917035 0.49159642 0.4914776 0.49134321 0.49118713 0.49099948 0.49077473 0.49070889 0.49066938 0.49062125 0.49056275 0.49033197 0.49018886 0.49014958 0.49043352 0.49053609 0.49048459 0.49067893 0.49091224 0.4907079 0.49054876 0.4904252 0.49051518 0.4906881 0.49068091 0.49027604 0.49005438 0.49026974 0.49032295 0.49031481 0.4904052 0.49059477 0.49082434 0.49086864 0.49072087 0.49065556 0.49076395 0.49080617 0.49073987 0.49072642 0.4908131 0.49074074
0.49271643 0.49266597 0.49261399 0.49256037 0.49250496 0.49244759 0.49238808 0.4923262 0.49226169 0.49219424 0.49212347 0.49204893 0.49197003 0.49188604 0.49179602 0.49169867 0.4915922 0.49147395 0.4913396 0.49118088 0.49097679 0.49063666 0.49050393 0.49048563 0.49050016 0.49049809 0.49037344 0.49015984 0.48999626 0.49026717 0.49037055 0.49061924 0.49072861 0.49081184 0.49065491 0.49051937 0.4903969 0.49055918 0.49069467 0.49030621 0.48999337 0.48987444 0.49003786 0.4900841 0.49020796 0.49037572 0.49050244 0.49068725 0.49077623 0.49068909 0.49077319 0.49060275 0.49067351 0.49068719 0.49070769 0.49070583 0.49082598
0.49271184 0.49266126 0.49260918 0.49255546 0.49249996 0.49244253 0.49238298 0.4923211 0.49225662 0.49218926 0.49211863 0.4920443 0.4919657 0.4918821 0.49179254 0.49169573 0.49158975 0.49147168 0.49133635 0.49117258 0.49094541 0.49047839 0.49032854 0.49037524 0.49047129 0.49052424 0.49044051 0.49040461 0.49022216 0.49044476 0.49042448 0.49052466 0.49066703 0.49078191 0.49076151 0.49040066 0.49039506 0.49065738 0.49062425 0.49035565 0.4898843 0.4897474 0.48998067 0.49005323 0.4902324 0.49042711 0.4905164 0.49068038 0.49084176 0.49082157 0.49086219 0.49076814 0.49065548 0.49078895 0.49071999 0.49065423 0.49074826
0.492708 0.49265735 0.4926052 0.49255143 0.49249591 0.49243848 0.49237896 0.49231714 0.49225278 0.49218558 0.49211519 0.49204118 0.49196298 0.49187989 0.49179093 0.49169476 0.49158937 0.49147157 0.49133563 0.4911695 0.49094054 0.49052384 0.49041643 0.4905231 0.49064465 0.49065562 0.49055195 0.49050372 0.49053061 0.49059518 0.49042827 0.49031294 0.4904965 0.49083219 0.49064979 0.4904827 0.49050666 0.49056549 0.49059853 0.49040114 0.49015022 0.48981972 0.49004255 0.49019857 0.49034359 0.49050624 0.49064359 0.49077901 0.49086937 0.49089142 0.49083163 0.49094692 0.49079778 0.49080171 0.49077825 0.49076736 0.49065379
0.49270488 0.49265419 0.49260203 0.49254827 0.49249278 0.4924354 0.49237597 0.49231428 0.49225011 0.49218316 0.4921131 0.4920395 0.49196183 0.49187938 0.49179118 0.49169587 0.49159137 0.4914743 0.49133862 0.49117183 0.49094007 0.49049445 0.49042175 0.49052555 0.49056535 0.49058094 0.49054963 0.4903242 0.49038918 0.49036369 0.49032433 0.49023382 0.49037084 0.49055103 0.49040098 0.49034859 0.49034228 0.49066093 0.49058272 0.49025983 0.48995735 0.48975372 0.48993235 0.49017337 0.49025261 0.49044087 0.49067172 0.49072541 0.49070061 0.49073688 0.49075075 0.49082174 0.49068834 0.49062257 0.49080265 0.49080309 0.49087654
0.49270246 0.49265179 0.49259965 0.49254594 0.49249052 0.49243325 0.49237397 0.49231248 0.49224855 0.49218193 0.49211228 0.4920392 0.49196218 0.49188052 0.4917933 0.49169915 0.49159599 0.49148039 0.49134609 0.49118006 0.4909473 0.49050665 0.49038623 0.49038864 0.49034947 0.49035639 0.49037591 0.4902757 0.49030468 0.49029473 0.49032749 0.49018087 0.49021058 0.49033194 0.49019362 0.49003356 0.49022615 0.49068815 0.49049345 0.49005938 0.48966821 0.48969675 0.48992599 0.49008272 0.49019695 0.49039671 0.49057025 0.49059476 0.49059494 0.49069467 0.49083421 0.49082052 0.49073141 0.49067932 0.49082133 0.49093839 0.4909386
0.49270073 0.4926501 0.49259803 0.49254441 0.49248911 0.49243199 0.4923729 0.49231166 0.49224805 0.49218182 0.49211266 0.49204019 0.49196393 0.49188324 0.49179722 0.49170459 0.49160336 0.4914902 0.4913589 0.491196 0.49096474 0.49052172 0.49040184 0.49036905 0.49032656 0.49031394 0.4903035 0.49035262 0.49034663 0.49032343 0.4901831 0.49021097 0.49030681 0.49023284 0.49017925 0.49010405 0.49025201 0.49047003 0.49004456 0.48983507 0.48960684 0.48963797 0.4898671 0.48999563 0.49018361 0.49036287 0.49045957 0.49048498 0.49053094 0.49071132 0.49088625 0.49087071 0.49075754 0.49064468 0.49081212 0.49091893 0.49093377
0.49269966 0.49264911 0.49259714 0.49254364 0.4924885 0.49243158 0.49237273 0.49231178 0.49224854 0.49218275 0.49211415 0.49204238 0.49196698 0.49188739 0.49180278 0.49171202 0.49161333 0.49150375 0.49137769 0.49122244 0.49099737 0.49049438 0.49040888 0.49037189 0.49033103 0.49034024 0.49030392 0.49037105 0.49031806 0.49028378 0.49004412 0.49018664 0.49038536 0.49016509 0.49012008 0.48993739 0.490067 0.49030444 0.48973987 0.48970347 0.48955304 0.48962443 0.48971783 0.48987582 0.49012394 0.49026267 0.49040601 0.49051972 0.49053236 0.49059892 0.49065827 0.49067662 0.49066609 0.49059262 0.49072669 0.4907324 0.49077181
0.49269922 0.49264878 0.49259695 0.49254361 0.49248866 0.49243197 0.4923734 0.49231278 0.49224994 0.49218466 0.49211666 0.49204564 0.49197119 0.4918928 0.49180978 0.49172115 0.49162548 0.49152043 0.49140185 0.49126106 0.49107418 0.49075588 0.49066428 0.49059577 0.49049617 0.49042712 0.49036977 0.49033559 0.49026283 0.49024473 0.49026807 0.49013208 0.49043542 0.49018319 0.489835 0.48981282 0.48984436 0.48999276 0.48952254 0.48962062 0.48959989 0.48967038 0.48970863 0.48980495 0.48999782 0.49016351 0.490503 0.4907024 0.49056747 0.49050814 0.49054185 0.49061883 0.49068577 0.49072351 0.49056905 0.49067757 0.49094151
0.49269939 0.49264909 0.49259742 0.49254427 0.49248954 0.49243311 0.49237485 0.4923146 0.4922522 0.49218744 0.49212008 0.49204985 0.49197639 0.49189926 0.49181789 0.49173152 0.49163905 0.49153889 0.49142851 0.49130389 0.49115967 0.49100431 0.49091403 0.49078866 0.49064703 0.49058697 0.49047782 0.49020317 0.4901741 0.49021215 0.49037582 0.49015418 0.49057797 0.49017945 0.48992511 0.4897937 0.48987042 0.48969514 0.48934834 0.48955427 0.48959708 0.48957404 0.48973952 0.48984301 0.48990747 0.49021324 0.4906074 0.49078158 0.4906943 0.4906378 0.49074733 0.49075777 0.49076529 0.49071392 0.49057171 0.49067748 0.49107061
0.49270014 0.49265 0.49259851 0.49254558 0.4924911 0.49243496 0.49237703 0.49231718 0.49225523 0.49219102 0.49212432 0.49205488 0.49198241 0.49190654 0.49182681 0.49174262 0.49165323 0.49155759 0.49145431 0.49134153 0.49121679 0.4910764 0.49092664 0.49081969 0.4907245 0.49069666 0.49059443 0.4903238 0.49047274 0.49050975 0.49057873 0.49024795 0.49031565 0.4898528 0.48975815 0.48960535 0.48961512 0.4893014 0.4891325 0.48917944 0.48931308 0.48932279 0.4898229 0.48987625 0.48998037 0.49032063 0.49058283 0.49065103 0.49061934 0.49058686 0.49065874 0.49073605 0.49063427 0.49059851 0.4907915 0.49080578 0.49090447
0.49270143 0.49265149 0.49260021 0.49254752 0.49249331 0.49243747 0.4923799 0.49232045 0.49225898 0.49219531 0.49212927 0.49206062 0.49198911 0.49191443 0.49183622 0.49175403 0.49166731 0.49157539 0.49147741 0.49137202 0.49125623 0.49112284 0.49100632 0.4909617 0.49099073 0.49101741 0.49092404 0.49078871 0.4908291 0.49061433 0.49060081 0.49021498 0.4899656 0.48963527 0.48964998 0.48947037 0.48939378 0.4893017 0.4890225 0.48892464 0.48909613 0.4895613 0.49009589 0.49018774 0.49018974 0.49026738 0.4904027 0.49052076 0.49051984 0.49046933 0.49051684 0.49050695 0.49041488 0.49061746 0.49098742 0.49087974 0.49086222
