landslides_training_model/shapes/shapes_exact_point/decision_tree_suc.tif
NCOLS 441
NROWS 451
XLLCORNER -92.213079
YLLCORNER 13.747265
DX 0.0090151111
DY 0.0090031242
NODATA_VALUE -9999
[rows 200 to 224 of 451, columns 171 to 227 of 441]
0.25807468 0.2574609 0.25640511 0.25483853 0.25265599 0.24974797 0.24595894 0.2411448 0.23522401 0.2284186 0.22139274 0.21548733 0.21248076 0.21349121 0.2181856 0.22497657 0.23220949 0.23884096 0.24440105 0.24886764 0.25237074 0.25505221 0.25708025 0.25858914 0.25966997 0.26041003 0.26086663 0.26106102 0.26099532 0.26061363 0.259809 0.2584348 0.25638281 0.25355664 0.24984818 0.24517132 0.23942887 0.23264915 0.22531189 0.21854072 0.21426507 0.21509121 0.51260036 0.49085781 0.47077997 0.45827811 0.44851004 0.44018286 0.4325735 0.4240611 0.41262079 0.39285933 0.32838684 0.29478441 0.28177182 0.27491825 0.27030134
0.25904732 0.25852742 0.25756719 0.25610792 0.25405773 0.2512932 0.24766123 0.24300148 0.23721068 0.23038958 0.22311383 0.21658389 0.21262486 0.21270036 0.2168337 0.2235867 0.23114665 0.23824258 0.24430509 0.24922782 0.25310559 0.2561309 0.25845605 0.26022498 0.26155476 0.26254125 0.2632605 0.26376705 0.26407724 0.26412792 0.26372119 0.26257501 0.26050787 0.25752101 0.2535984 0.24867962 0.24269882 0.23566879 0.22790523 0.22037593 0.21490785 0.21385535 0.21965076 0.23287934 0.47562607 0.45947136 0.44652816 0.44083765 0.43621922 0.43004339 0.42213128 0.41078265 0.39023101 0.32728151 0.29139241 0.28146677 0.27543277
0.26013351 0.25969634 0.25882472 0.25747249 0.25553919 0.25291994 0.24944105 0.24495436 0.23929259 0.232516 0.22500875 0.21792774 0.21303676 0.21210178 0.21555622 0.22214997 0.22997894 0.23757925 0.2441692 0.24959944 0.25391647 0.25731697 0.25995617 0.2620097 0.2635976 0.26485191 0.26587501 0.26679405 0.26770907 0.26865205 0.26927593 0.2685826 0.26619196 0.26271417 0.25824316 0.25279627 0.24636325 0.23896987 0.23075372 0.22252529 0.21588144 0.21312517 0.21604893 0.22522769 0.241078 0.25926576 0.28030377 0.43302651 0.43669081 0.43285259 0.42723538 0.41937221 0.40603898 0.34435854 0.30528753 0.29093431 0.28259464
0.261324 0.26096556 0.26018433 0.25892803 0.25711402 0.25462618 0.25129689 0.24696762 0.24146195 0.23473739 0.22709789 0.21950642 0.21371655 0.21169344 0.21431787 0.22065338 0.22873197 0.23683197 0.24401785 0.24999587 0.25480808 0.25861986 0.26161722 0.2639792 0.26584591 0.26737765 0.26874436 0.27019229 0.27213216 0.27520518 0.28028041 0.28138667 0.27566564 0.27072938 0.26489431 0.25805145 0.25068127 0.24265457 0.23391488 0.2249753 0.21725061 0.212961 0.21410851 0.22103731 0.23246513 0.24670391 0.26542813 0.42676831 0.43319298 0.43247477 0.42904853 0.42377422 0.41527089 0.39806892 0.34405638 0.31023311 0.29604476
0.26262019 0.26234285 0.26164182 0.26048126 0.25877315 0.25640901 0.25324935 0.24908459 0.24373259 0.2371142 0.22937642 0.22134432 0.21469894 0.21153269 0.21320319 0.21913042 0.22739716 0.23600733 0.24384565 0.25045765 0.25581828 0.2601117 0.26351044 0.26619508 0.26835875 0.27017376 0.27187557 0.27391492 0.27745667 0.28620943 0.31354587 0.35047362 0.29583089 0.28850302 0.27827057 0.26568789 0.25615431 0.24694239 0.23744022 0.22776247 0.21900725 0.21330308 0.21278539 0.21809675 0.22797183 0.24059152 0.2558669 0.27861539 0.41861227 0.42667774 0.42681239 0.42435469 0.42007594 0.41251959 0.39868128 0.38255009 0.33918987
0.26403939 0.26383742 0.26321722 0.2621329 0.26052882 0.25829465 0.25528182 0.25128304 0.24611516 0.23961236 0.23185541 0.22348128 0.21598994 0.21166057 0.2122293 0.21760946 0.22598591 0.23513824 0.24366754 0.250987 0.2570103 0.26187166 0.26572655 0.26878744 0.27125141 0.27333293 0.27529965 0.27772761 0.28260317 0.31298751 0.36352859 0.37865235 0.38558722 0.38945232 0.38052086 0.27739408 0.26558948 0.25244392 0.24147984 0.23100846 0.22124006 0.21412573 0.21195657 0.21577194 0.22451886 0.23607339 0.24917886 0.26445633 0.2863364 0.40739745 0.41481614 0.41807926 0.41956584 0.41723334 0.41195933 0.40238721 0.35847521
0.26560771 0.26548393 0.26492046 0.26390678 0.26239097 0.2602716 0.2574141 0.25360358 0.24862333 0.24227257 0.23453078 0.22589548 0.21766208 0.21212561 0.21146839 0.21614961 0.22449134 0.23418756 0.24351176 0.25168493 0.25851601 0.26405041 0.26846932 0.27195611 0.27473996 0.27705512 0.27917278 0.28158162 0.28550361 0.29473231 0.30714794 0.33486796 0.3969878 0.40302247 0.38986675 0.29234013 0.39583753 0.25912627 0.24616106 0.23480748 0.22400127 0.21545986 0.2116063 0.21386232 0.22150086 0.23231259 0.24437073 0.2569547 0.27088547 0.28891318 0.30660694 0.39399319 0.41129417 0.41511393 0.41440523 0.4104006 0.39962134
0.26743404 0.26738525 0.26680417 0.26581399 0.26436724 0.26236609 0.25965641 0.25602906 0.25127558 0.24512443 0.23750125 0.22867659 0.21975591 0.21301812 0.21098974 0.21478117 0.22302256 0.23324663 0.24343021 0.25263156 0.26053938 0.26702565 0.27213564 0.27609382 0.27920165 0.28175071 0.28396146 0.28614986 0.28881357 0.29266701 0.29912962 0.32720191 0.38868511 0.39581088 0.38477147 0.28962451 0.27870612 0.26441489 0.2522061 0.2397509 0.22752309 0.21741652 0.21177453 0.21236102 0.2188395 0.22899237 0.24050266 0.25206543 0.26332626 0.27457858 0.28671073 0.30498844 0.38414508 0.40108882 0.40751418 0.41122185 0.40974365
0.27011266 0.27016033 0.26896151 0.26785874 0.26647016 0.26457383 0.26201182 0.25859249 0.25407915 0.24821037 0.24078869 0.23191221 0.22243541 0.21444776 0.2108725 0.21358952 0.22160007 0.23226565 0.24347632 0.25409485 0.26363949 0.27172549 0.27771362 0.28201667 0.28543158 0.28824061 0.29058658 0.29263455 0.29460579 0.29682971 0.30011115 0.30713346 0.31383421 0.31239624 0.3036968 0.29113648 0.2838455 0.276987 0.26453986 0.24875202 0.23246605 0.22010132 0.21248498 0.21124716 0.21639888 0.22591712 0.23718056 0.24838441 0.25881177 0.26847294 0.27790435 0.28850791 0.30352347 0.31828091 0.37630301 0.40218435 0.40829109
0.27796403 0.27925876 0.27130012 0.27003325 0.26869285 0.26689685 0.26448009 0.26127495 0.25702915 0.25151736 0.24447016 0.23586713 0.22603971 0.21687763 0.21152793 0.21295022 0.22040961 0.23131237 0.24376491 0.25661589 0.26935928 0.28267872 0.2884911 0.29167742 0.2953174 0.29855211 0.30119921 0.30331181 0.30496326 0.30628087 0.30747228 0.30865002 0.30947939 0.31093262 0.31098902 0.30595688 0.30704553 0.42895128 0.4445434 0.45875245 0.24080061 0.22460852 0.21387038 0.21058165 0.21424897 0.22301876 0.23414922 0.24535766 0.2556553 0.2648228 0.27312397 0.28111854 0.28930228 0.29845027 0.31346607 0.36790568 0.393342
0.27444464 0.27462893 0.27333385 0.27230672 0.27105156 0.26935372 0.26709011 0.26409189 0.26015441 0.25505675 0.24868267 0.24132527 0.23238079 0.22159359 0.54300409 0.54352946 0.21927772 0.23011952 0.24453577 0.26282535 0.28217734 0.41690768 0.3143941 0.31189571 0.31644436 0.32067633 0.32412091 0.32668677 0.32838292 0.32922477 0.32925359 0.32851803 0.32783257 0.34108439 0.40574789 0.4143826 0.42472764 0.43820449 0.44341244 0.26858838 0.47961019 0.50612618 0.21601518 0.21039923 0.21239894 0.22031394 0.23130158 0.24273147 0.25321289 0.26238151 0.27038919 0.27755913 0.28423462 0.29084998 0.29857236 0.31036276 0.32170888
0.2758166 0.27599182 0.27556676 0.27475136 0.27357878 0.27197385 0.26984416 0.26704906 0.26342265 0.25874738 0.25308194 0.2489435 0.49353066 0.52301601 0.54183243 0.21119283 0.21681204 0.2285641 0.24535789 0.45859517 0.45049878 0.44489539 0.43435125 0.42443304 0.41791201 0.41401818 0.41188982 0.41059242 0.40983156 0.40945557 0.40933559 0.4093975 0.40963116 0.41092411 0.41595209 0.42092086 0.4229756 0.42938471 0.43217665 0.26443698 0.24818661 0.23183193 0.21782854 0.21072084 0.21091001 0.21781357 0.22865693 0.24032106 0.25119997 0.26071205 0.26893399 0.27613791 0.28257496 0.28829776 0.29345429 0.29835032 0.30330083
0.27847531 0.27862457 0.27826416 0.27748548 0.27632207 0.27477164 0.27276431 0.27018317 0.26683783 0.26255922 0.25724409 0.251209 0.24332627 0.22967176 0.21578694 0.21036848 0.21513725 0.22715931 0.24414367 0.26801365 0.45697277 0.45267556 0.4483888 0.44279695 0.43447187 0.43327468 0.43466053 0.43462054 0.43444124 0.43390288 0.43290288 0.43108715 0.42671055 0.40334113 0.34822261 0.3981653 0.31084517 0.29619846 0.28018807 0.26178832 0.24687344 0.23271667 0.22005549 0.2116432 0.20993666 0.21599681 0.22648999 0.23816568 0.24947099 0.25954937 0.26837272 0.27642253 0.2839014 0.29009853 0.29437004 0.29686043 0.29854586
0.28197365 0.28199788 0.2814928 0.28058894 0.27935313 0.27779408 0.27588552 0.27351871 0.27053982 0.26671236 0.26186158 0.25636175 0.25039298 0.51429693 0.21893987 0.21071669 0.54396543 0.22708043 0.24564476 0.2679947 0.2932511 0.31608142 0.44427212 0.4415114 0.36079674 0.4256355 0.43844504 0.44086075 0.44381897 0.44358931 0.44192036 0.43867243 0.4311747 0.39911071 0.32704637 0.31325331 0.2978774 0.28610529 0.27442152 0.26195423 0.24901654 0.23565503 0.22290912 0.21316305 0.20948394 0.53817395 0.22478571 0.23612013 0.24793887 0.25870996 0.26850506 0.27874695 0.29210539 0.30202045 0.30617908 0.3035351 0.30045982
0.28675133 0.28636004 0.28542587 0.28419528 0.28274273 0.28110011 0.27924268 0.27716548 0.27475972 0.27179876 0.26779769 0.26572833 0.48231568 0.51304375 0.53536008 0.54802468 0.21231563 0.53509242 0.5167237 0.49744989 0.48107371 0.4666112 0.33824475 0.34411713 0.35219041 0.42980593 0.39099202 0.42979122 0.44820911 0.44814996 0.44575572 0.44146231 0.43244181 0.39716514 0.32337258 0.30745081 0.29612412 0.28580803 0.27537398 0.26418052 0.25211194 0.23916868 0.2262139 0.21527907 0.20947371 0.21200041 0.22218906 0.2343756 0.24678773 0.25824541 0.26896638 0.28255051 0.39133386 0.39529641 0.38963026 0.32719397 0.30992184
0.29414504 0.2923931 0.29039938 0.28847316 0.2865997 0.28472951 0.28288639 0.28123081 0.28009481 0.28012648 0.2792071 0.27285858 0.26322681 0.24826096 0.53275676 0.54734981 0.54997839 0.54129668 0.52615294 0.509674 0.4947454 0.48123063 0.46613299 0.45516586 0.45002178 0.45128064 0.44886436 0.44928405 0.45118251 0.44937929 0.44562928 0.44024744 0.43089005 0.3955914 0.32770874 0.31421969 0.30051169 0.28979751 0.27910282 0.26774231 0.2558183 0.24311038 0.22994073 0.21796169 0.21026118 0.54751823 0.53166723 0.23343677 0.24748802 0.2587701 0.26915696 0.28333567 0.39853791 0.32960937 0.39283342 0.33531557 0.35986381
0.30908689 0.30158869 0.29694692 0.29369269 0.29109841 0.28878551 0.28677956 0.28570516 0.28788015 0.2987051 0.42927478 0.44926561 0.47358409 0.50114829 0.52728367 0.54491076 0.55089536 0.5443097 0.53062596 0.51528797 0.50092506 0.48739753 0.47239413 0.46224522 0.46043454 0.45918682 0.45618612 0.45324831 0.45031258 0.44600382 0.43757475 0.4284643 0.41983788 0.38961794 0.34487391 0.38307587 0.31468395 0.3023806 0.28848606 0.27274079 0.2599978 0.2473519 0.23407407 0.22127385 0.21158539 0.2089223 0.21638378 0.23103874 0.48362084 0.26074303 0.26889073 0.28116685 0.29916551 0.39562628 0.40038231 0.33395403 0.32564155
0.35153031 0.31754939 0.30584714 0.30028796 0.29662989 0.29352152 0.29088312 0.28980869 0.30034048 0.40639961 0.42192255 0.28034644 0.26519483 0.24928526 0.23198656 0.21662208 0.20886802 0.2133136 0.53223106 0.51795597 0.50403165 0.4896769 0.33711608 0.34842318 0.45490057 0.45619418 0.44911981 0.44357399 0.43798112 0.43143168 0.39670667 0.36801844 0.36012309 0.34876301 0.33989962 0.34796422 0.40395631 0.40310539 0.39917419 0.27829588 0.26424703 0.25179958 0.23864383 0.22553042 0.21417685 0.20853021 0.54372422 0.52290584 0.24422974 0.25634665 0.26862903 0.28078768 0.29411574 0.31205747 0.31948513 0.3194552 0.3742175
0.41061864 0.3570832 0.31760411 0.30926149 0.3045469 0.29988965 0.29542102 0.29245875 0.29275032 0.29378139 0.28626717 0.2730204 0.2608381 0.24720739 0.23206304 0.21784478 0.2090755 0.21022538 0.22411646 0.51726315 0.50295376 0.49158012 0.47847459 0.46865241 0.4643171 0.37932526 0.3731507 0.37371699 0.36834299 0.36267744 0.3881811 0.40496248 0.40147861 0.39839548 0.39749581 0.40030767 0.39230208 0.31195742 0.29626261 0.28037578 0.26823358 0.25628565 0.24345011 0.23113577 0.53631237 0.55034315 0.21067039 0.22183225 0.23728505 0.25586655 0.27273405 0.28464814 0.29992822 0.40248231 0.32231259 0.31653943 0.32813845
0.42811409 0.37641028 0.33436653 0.32530824 0.32230417 0.31263042 0.30135028 0.2951458 0.29102424 0.28673522 0.28043172 0.27189531 0.26141649 0.24888503 0.23457757 0.22030948 0.21007034 0.20858011 0.21852212 0.23950124 0.2673103 0.48679404 0.47958403 0.47166849 0.46815631 0.45998689 0.45133302 0.44197754 0.38285393 0.35869816 0.35151082 0.34609758 0.34120706 0.33651306 0.33164758 0.32582554 0.31589878 0.30271524 0.29252059 0.28259793 0.27225291 0.26089601 0.24811325 0.23459464 0.2215788 0.54848678 0.20866039 0.21716192 0.23335796 0.48504217 0.46409724 0.2955367 0.42484407 0.32020009 0.31657933 0.31986401 0.32781133
0.43866653 0.42361803 0.37868508 0.36993697 0.39573641 0.36823666 0.30841813 0.29845865 0.29257091 0.28716548 0.28091515 0.27316317 0.26352589 0.2517444 0.23805867 0.22388177 0.21200694 0.20774909 0.2155067 0.23463463 0.26054798 0.29006756 0.31636598 0.33845234 0.45999437 0.46155017 0.46059587 0.45565979 0.44045832 0.41883436 0.36624485 0.33461234 0.3281111 0.32373623 0.3195465 0.31479448 0.30888703 0.30194941 0.29446771 0.2862316 0.27681919 0.26580748 0.25294691 0.23850479 0.22382887 0.2118692 0.20766976 0.21394264 0.22969832 0.25116157 0.27586764 0.45305453 0.31170466 0.31855491 0.32778451 0.3359033 0.34521314
0.44356679 0.42986477 0.4134405 0.40617246 0.40300722 0.3726548 0.31282419 0.30175177 0.29508502 0.28924868 0.28294903 0.27550343 0.26633689 0.25517988 0.2421521 0.22908308 0.54297823 0.20762391 0.54743012 0.53350888 0.51689251 0.50190192 0.48957599 0.4781799 0.35920894 0.36784634 0.4548901 0.45980739 0.44330556 0.37934798 0.34483365 0.33229674 0.32647541 0.32250555 0.31887426 0.31493713 0.31036057 0.30502087 0.29879057 0.29143361 0.28246281 0.27155028 0.25847096 0.24350309 0.22771364 0.21417537 0.20757463 0.21133102 0.52736091 0.24759173 0.48308634 0.29886748 0.31213221 0.43960467 0.44130769 0.43829442 0.43706213
0.43999185 0.387185 0.35729594 0.3507918 0.34715949 0.33441551 0.31524524 0.30492897 0.298003 0.29196134 0.28564991 0.27835291 0.26951449 0.25874807 0.24614647 0.23339656 0.53956488 0.55181059 0.55008816 0.53841013 0.52469764 0.51222332 0.50130108 0.49125197 0.47936441 0.47120018 0.46935011 0.46274781 0.3933954 0.35952782 0.34214007 0.334032 0.32942116 0.32606256 0.32296198 0.31962631 0.31577061 0.31121097 0.30575912 0.29909918 0.29029224 0.27881067 0.26514969 0.2495723 0.2329007 0.2176558 0.20835973 0.20912518 0.22127096 0.24170309 0.49276742 0.47919584 0.46314939 0.45556428 0.45273955 0.45446647 0.45553223
0.39348295 0.36637164 0.35897905 0.35440225 0.37243107 0.37460347 0.31958612 0.30832852 0.30124787 0.29510758 0.28878237 0.28157122 0.27293688 0.26236409 0.24972632 0.23558989 0.22100826 0.20943919 0.20834681 0.22147818 0.52766845 0.51717181 0.50675366 0.49750678 0.48928101 0.48223592 0.47585821 0.46762666 0.44992477 0.37855778 0.34822221 0.34114582 0.33755144 0.33488688 0.33231574 0.3294656 0.32607476 0.32199768 0.31733424 0.31293347 0.30532188 0.28939478 0.27371233 0.25709626 0.23939326 0.22241718 0.21022972 0.20773434 0.21736623 0.23715926 0.26332321 0.48186583 0.31360046 0.33055834 0.35064045 0.45136612 0.4603637
0.39897806 0.41564108 0.42321165 0.41387006 0.40834079 0.3775149 0.32308269 0.3119494 0.30486718 0.29867452 0.29234572 0.28519889 0.27662132 0.2661545 0.25345266 0.23865819 0.22328704 0.21104318 0.20730925 0.21696914 0.53172584 0.52110079 0.51031486 0.50042575 0.49190362 0.48415177 0.47405544 0.46866524 0.45952911 0.39232501 0.3662178 0.36134469 0.35908113 0.35722705 0.35517158 0.35266706 0.349495 0.34552237 0.34108422 0.34403318 0.43525712 0.30808574 0.28572259 0.26704708 0.24802543 0.22922549 0.2139037 0.55293855 0.21455102 0.52843863 0.26017151 0.28572832 0.30589615 0.46154407 0.45927757 0.45654249 0.45388821
