landslides_training_model/shapes/shapes_exact_point/decision_tree_suc.tif
NCOLS 441
NROWS 451
XLLCORNER -92.213079
YLLCORNER 13.747265
DX 0.0090151111
DY 0.0090031242
NODATA_VALUE -9999
[rows 375 to 399 of 451, columns 0 to 56 of 441]
0.39297276 0.38794836 0.38280143 0.37752446 0.37210049 0.36649986 0.36067742 0.354574 0.3481228 0.34123987 0.333716 0.32495545 0.31368528 0.29705604 0.25969142 0.25303573 0.25126144 0.25068558 0.25099762 0.25238251 0.25611838 0.28925442 0.27061298 0.30423918 0.31157635 0.30941504 0.29979643 0.26827692 0.26170015 0.25992449 0.25915912 0.25897173 0.25907417 0.2593113 0.25960248 0.25991206 0.26021021 0.26048431 0.26072321 0.26092172 0.26107428 0.26118548 0.26125236 0.26128256 0.26128902 0.26128876 0.26130844 0.26138593 0.26155891 0.26187891 0.26238992 0.26309891 0.26403187 0.26546945 0.2683052 0.29110207 0.29478215
0.39677535 0.39214083 0.38740245 0.3825559 0.3775906 0.37248818 0.36722149 0.36175403 0.35603654 0.34998914 0.34345237 0.33611336 0.32742276 0.31633519 0.30032162 0.26151948 0.25753579 0.25272457 0.25164884 0.25210141 0.2544387 0.27918095 0.29535912 0.30451614 0.30806279 0.30652442 0.29951337 0.27275777 0.26643227 0.26116231 0.25871962 0.25824333 0.25826905 0.25847651 0.25874745 0.25903707 0.25931377 0.25956736 0.25978319 0.25995929 0.26008782 0.26017279 0.26021468 0.26021453 0.26018794 0.26014288 0.26010574 0.26009601 0.26015103 0.26029854 0.26057621 0.26100822 0.26164071 0.26255799 0.26391279 0.26576669 0.26798662
0.40026481 0.3959671 0.39158044 0.38710261 0.38252712 0.37784228 0.37303027 0.36806551 0.36291025 0.35750374 0.35174337 0.34546346 0.33841673 0.3302456 0.32044345 0.30979839 0.29786635 0.26000584 0.25402482 0.25304285 0.25363341 0.25622252 0.28020732 0.29549141 0.30057885 0.29994211 0.296363 0.29033353 0.28298833 0.26336222 0.2582189 0.25752401 0.25750973 0.25769643 0.25795177 0.25822146 0.25847924 0.25870998 0.2589063 0.25905735 0.25916442 0.25922606 0.25924262 0.25921847 0.25916141 0.25908418 0.25900261 0.25893832 0.25891814 0.25897069 0.25912688 0.25941641 0.25987543 0.2605366 0.26142355 0.26252083 0.2638119
0.40348126 0.39947697 0.39539566 0.39123643 0.38699534 0.38266471 0.37823223 0.3736795 0.36897901 0.36408919 0.35894814 0.35346952 0.34754495 0.34105985 0.33394843 0.32619365 0.31684289 0.30282872 0.26259716 0.25938443 0.25511234 0.25478246 0.25687283 0.27716145 0.28093592 0.2807684 0.27943759 0.27727084 0.27371341 0.26079516 0.25724582 0.25675024 0.25677637 0.25696478 0.25720962 0.25746223 0.25770019 0.257908 0.25808229 0.25821311 0.25829708 0.25833815 0.25833237 0.25828432 0.25820154 0.25809837 0.25798303 0.25787784 0.25781001 0.25780087 0.25788265 0.25808722 0.25843835 0.25895884 0.25965657 0.26051766 0.26150824
0.40645705 0.4027101 0.39889567 0.39501366 0.39106169 0.38703463 0.38292383 0.37871616 0.37439243 0.3699254 0.36527824 0.36040495 0.35525427 0.34977663 0.34392159 0.33756418 0.33030711 0.32141355 0.31121546 0.3000517 0.26253389 0.25623393 0.25523362 0.25595768 0.25680234 0.25736532 0.2577023 0.25778626 0.25748358 0.25668547 0.25609703 0.25597795 0.25608791 0.25629338 0.25652775 0.25676306 0.25698134 0.25716738 0.25731808 0.25742805 0.25749059 0.25750956 0.25748473 0.25741563 0.25731393 0.25718768 0.25704681 0.25691492 0.25681206 0.25676163 0.25679604 0.2569415 0.25722164 0.2576565 0.25825202 0.25900105 0.25987863
0.40921889 0.40569893 0.40211909 0.3984797 0.39477938 0.39101462 0.38717932 0.38326415 0.37925582 0.3751364 0.37088305 0.36646872 0.36186343 0.3570337 0.35193249 0.34646963 0.34048239 0.33378548 0.32624296 0.31692843 0.30292135 0.26388588 0.25681789 0.25509836 0.25478018 0.25484765 0.25501667 0.25516557 0.25522754 0.25520909 0.25521141 0.25530582 0.25547784 0.25568948 0.25591315 0.25612836 0.25632196 0.25648586 0.25661248 0.25669881 0.25674088 0.25673913 0.25669345 0.25660695 0.25648648 0.25634015 0.2561817 0.2560274 0.25589825 0.25582224 0.2558209 0.25592366 0.25615413 0.25652964 0.2570584 0.25773665 0.25854918
0.41178935 0.40847059 0.40509799 0.40167208 0.39819204 0.39465542 0.3910578 0.38739244 0.38364985 0.37981758 0.37588004 0.37181868 0.36761149 0.36323074 0.35863623 0.35376433 0.34851976 0.34277089 0.33628563 0.32850508 0.31824988 0.30335383 0.26489729 0.25721977 0.25505387 0.25441671 0.25426564 0.25430416 0.25439842 0.25450829 0.25463407 0.25478763 0.25497255 0.25517122 0.25537272 0.25556142 0.25572677 0.25586514 0.25596499 0.25602818 0.25604708 0.25602577 0.25596066 0.25585505 0.25571909 0.25555566 0.25538253 0.25520998 0.25506085 0.25496153 0.25493289 0.25500467 0.25519657 0.25552737 0.25600628 0.25663224 0.25739302
0.41418775 0.41104816 0.4078595 0.40462232 0.40133612 0.39799906 0.3946078 0.39115716 0.38763996 0.38404673 0.38036551 0.37658147 0.37267594 0.3686241 0.36439067 0.35992391 0.35514777 0.34994695 0.34412781 0.33734893 0.32904247 0.31823368 0.30306696 0.26588059 0.25771786 0.25527266 0.2544875 0.25423978 0.25420554 0.25424822 0.25433147 0.25444799 0.25459298 0.25475493 0.25491638 0.25506887 0.25520177 0.25530815 0.25537965 0.25541522 0.25541128 0.25536688 0.25528317 0.25515919 0.25500607 0.25482913 0.25464048 0.2544523 0.25428883 0.2541704 0.25412121 0.2541665 0.25432688 0.25462154 0.25505922 0.25564032 0.25635632
0.41643093 0.41345159 0.41042692 0.40735741 0.40424264 0.40108113 0.39787011 0.39460536 0.39128092 0.38788891 0.38441914 0.38085856 0.3771901 0.37339084 0.36942887 0.36525892 0.36081586 0.35600364 0.35067666 0.344615 0.33749575 0.32883681 0.31779786 0.30270311 0.26700856 0.25842215 0.2557922 0.25494835 0.25461179 0.25442764 0.25432626 0.25430736 0.25435877 0.25444786 0.25455348 0.25465725 0.25474805 0.25481462 0.25485538 0.25486055 0.25482978 0.2547606 0.25465463 0.25451269 0.25434427 0.2541512 0.25394742 0.25374673 0.25356815 0.25343311 0.25336431 0.25338779 0.2535216 0.25378425 0.25418572 0.25472755 0.25540259
0.41853369 0.41569829 0.41282049 0.40990064 0.40693831 0.40393213 0.40087964 0.39777709 0.39461921 0.39139894 0.38810701 0.38473134 0.38125601 0.37765973 0.37391355 0.36997768 0.365797 0.36129458 0.35636313 0.35085523 0.34457184 0.33724031 0.32845309 0.31746451 0.30271126 0.26853565 0.25965799 0.25710814 0.25617769 0.25534929 0.25472623 0.2544179 0.25430071 0.25427752 0.25430226 0.25434051 0.25437851 0.25439952 0.25439997 0.25436956 0.25430942 0.25421322 0.25408484 0.25392252 0.25373565 0.2535263 0.25330998 0.25309552 0.252905 0.25275685 0.25267098 0.25267398 0.25278329 0.25301771 0.25338623 0.25389103 0.25452709
0.42050915 0.4178036 0.41505796 0.41227239 0.40944635 0.40657849 0.40366648 0.40070679 0.39769451 0.39462307 0.39148377 0.3882653 0.38495279 0.3815267 0.37796114 0.37422173 0.3702628 0.36602404 0.36142661 0.35636944 0.3507249 0.34433079 0.336969 0.32830761 0.31771644 0.30383905 0.27163232 0.26649462 0.26398015 0.25852305 0.25572731 0.25484897 0.25446045 0.254275 0.2541845 0.25413721 0.25410417 0.25406905 0.25401968 0.25394861 0.25385216 0.25372709 0.25356976 0.25338596 0.25317897 0.25295445 0.25272239 0.25249578 0.25229168 0.25212878 0.25202833 0.25201206 0.25209895 0.25230693 0.25264489 0.25311555 0.25371385
0.42236901 0.41978112 0.41715497 0.4144905 0.41178706 0.40904323 0.4062567 0.40342408 0.40054067 0.39760024 0.3945946 0.39151316 0.38834222 0.38506414 0.38165618 0.37808915 0.37432589 0.37031957 0.36601226 0.36133382 0.35620103 0.35051597 0.34416145 0.33699007 0.32880443 0.31933821 0.30891833 0.30026379 0.29050952 0.26444616 0.2575175 0.25573449 0.25492313 0.25449398 0.25424157 0.25407469 0.25394787 0.253838 0.25372666 0.2536037 0.25346453 0.25330198 0.25311551 0.25290458 0.25267669 0.25243311 0.2521839 0.25194213 0.25172523 0.25154766 0.25143142 0.25139655 0.25146378 0.25164656 0.25195527 0.25239274 0.25295558
0.42412374 0.42164297 0.41912537 0.41657073 0.41397825 0.41134642 0.40867294 0.40595448 0.40318655 0.4003632 0.39747678 0.39451748 0.39147286 0.38832722 0.38506092 0.38164954 0.37806314 0.37426553 0.370214 0.36585938 0.3611467 0.35601622 0.35040503 0.34425058 0.33750316 0.33017228 0.32241917 0.31412206 0.30286007 0.27371498 0.26182371 0.25752237 0.25589013 0.25504943 0.25454838 0.25420451 0.2539462 0.25373059 0.25353756 0.25335042 0.25315479 0.25294785 0.25272522 0.25248297 0.25222788 0.25196356 0.25169501 0.25143845 0.25120376 0.25101224 0.25088115 0.25082807 0.25087408 0.2510329 0.25131367 0.25171989 0.25224783
0.42578277 0.42339993 0.42098147 0.41852699 0.41603556 0.41350561 0.41093482 0.40831996 0.4056567 0.40293947 0.40016112 0.39731269 0.39438304 0.3913584 0.388222 0.38495358 0.38152913 0.37792066 0.37409641 0.37002137 0.36565833 0.3609694 0.35591832 0.35047377 0.34461407 0.33832566 0.33154585 0.3239197 0.3143676 0.30109413 0.2741133 0.26229555 0.25788121 0.25620266 0.25526592 0.25462616 0.25415278 0.25378463 0.25347658 0.25320033 0.25293553 0.25267075 0.2524005 0.25212078 0.25183346 0.25154138 0.25125149 0.25097486 0.250724 0.25051498 0.25036615 0.25029531 0.25032018 0.25045484 0.25070844 0.25108451 0.25157971
0.42735453 0.42506168 0.4227342 0.42037157 0.41797276 0.41553613 0.41305939 0.41053939 0.40797205 0.40535212 0.40267305 0.39992675 0.39710332 0.39419082 0.39117501 0.3880392 0.38476409 0.3813279 0.37770668 0.37387485 0.36980614 0.36547464 0.36085587 0.35592708 0.35066415 0.34502681 0.33891441 0.33208152 0.3240635 0.31415323 0.30114312 0.27550504 0.26326356 0.25876587 0.25688423 0.25557034 0.25468946 0.25407061 0.25359132 0.25319176 0.25283129 0.25249072 0.25216082 0.25183184 0.25150623 0.25118152 0.25086376 0.25056552 0.25029426 0.25006632 0.24989994 0.24980931 0.24981349 0.24992405 0.25015056 0.25049646 0.25095931
0.42884665 0.42663683 0.42439329 0.42211535 0.41980193 0.41745137 0.4150614 0.41262901 0.41015035 0.40762058 0.40503371 0.4023825 0.39965825 0.39685065 0.39394769 0.39093558 0.38779877 0.38452011 0.38108116 0.37746266 0.37364504 0.36960896 0.36533522 0.36080343 0.35598724 0.35084279 0.34528736 0.33917309 0.33227227 0.32426739 0.31463563 0.30226371 0.27821953 0.26856964 0.26209021 0.25761638 0.25579016 0.25471265 0.25396192 0.25337473 0.25287606 0.25243179 0.25201813 0.25162659 0.25124914 0.25088461 0.25053293 0.25020624 0.24991222 0.24966422 0.24947536 0.24936492 0.24934666 0.24943331 0.24963294 0.24994952 0.25038033
0.43026598 0.42813313 0.42596737 0.42376794 0.42153371 0.41926301 0.41695365 0.41460277 0.41220677 0.40976121 0.40726068 0.40469874 0.40206777 0.39935893 0.39656208 0.3936658 0.39065746 0.38752337 0.38424903 0.38081944 0.37721932 0.37343322 0.36944498 0.36523611 0.36078211 0.35604591 0.35096898 0.34546369 0.33941116 0.33266047 0.32501099 0.31616564 0.30599179 0.29598612 0.27665838 0.26340879 0.25803948 0.25599007 0.25475969 0.25385689 0.25313338 0.25252951 0.25200137 0.25152283 0.2510771 0.25065851 0.25026513 0.249905 0.24958116 0.24930726 0.24909611 0.24896272 0.24892072 0.24898221 0.24915493 0.24944212 0.24984169
0.43161866 0.42955747 0.42746414 0.42533786 0.42317744 0.42098128 0.41874726 0.41647269 0.41415424 0.41178785 0.40936868 0.40689103 0.40434826 0.40173278 0.39903602 0.3962485 0.39335984 0.39035898 0.38723427 0.38397368 0.38056488 0.37699511 0.3732506 0.3693153 0.36516862 0.36078221 0.35611665 0.35111972 0.34572759 0.33986846 0.33346781 0.32646677 0.31886603 0.3104055 0.29949596 0.27884743 0.26438684 0.25876018 0.25650212 0.25487864 0.25372122 0.25285493 0.25215221 0.25155064 0.25101098 0.25052177 0.25007152 0.24966591 0.2493052 0.24900183 0.2487632 0.24860523 0.24853776 0.24857332 0.24871814 0.24897586 0.24934427
0.43291026 0.43091605 0.42889045 0.42683261 0.42474135 0.42261511 0.42045187 0.41824912 0.4160038 0.41371225 0.41137013 0.40897241 0.40651333 0.40398636 0.40138426 0.39869907 0.39592224 0.39304466 0.39005684 0.38694894 0.3837108 0.38033176 0.37680021 0.37310278 0.36922307 0.36514027 0.36082806 0.35625465 0.35138429 0.34618008 0.3406069 0.33462999 0.32818146 0.32102312 0.31253298 0.30150119 0.28163567 0.26892463 0.26251427 0.25707799 0.25488423 0.25353003 0.25254792 0.25175701 0.25108112 0.25048853 0.24996038 0.24949485 0.24908879 0.24874664 0.24847632 0.24828848 0.2481935 0.24819995 0.24831582 0.24854329 0.24887986
0.43414575 0.43221439 0.43025239 0.42825887 0.42623268 0.42417231 0.42207586 0.41994102 0.41776499 0.41554446 0.41327556 0.41095389 0.40857441 0.40613154 0.40361911 0.40103043 0.39835836 0.39559534 0.39273352 0.38976475 0.38668059 0.38347213 0.38012971 0.37664245 0.37299761 0.36918004 0.36517191 0.36095298 0.35650156 0.35179531 0.34681044 0.34151451 0.33584358 0.32965944 0.322713 0.31464111 0.30516495 0.29564514 0.27953829 0.26371204 0.25725873 0.25484567 0.25336239 0.25225146 0.25134992 0.25059972 0.24996149 0.24941646 0.24894956 0.24855927 0.24824949 0.24802812 0.24790109 0.24787737 0.24796219 0.24815785 0.24846194
0.43532961 0.43345745 0.43155537 0.42962253 0.42765779 0.42565973 0.42362657 0.42155617 0.419446 0.41729307 0.41509397 0.4128448 0.41054121 0.40817837 0.40575103 0.40325352 0.40067984 0.39802368 0.39527847 0.39243741 0.38949344 0.38643913 0.38326654 0.3799669 0.37653035 0.37294576 0.36920061 0.36528125 0.36117311 0.35686053 0.3523249 0.34753946 0.34245931 0.33701044 0.33109006 0.32459475 0.31748197 0.30955262 0.29942747 0.28174241 0.26439169 0.25767039 0.25511745 0.25327483 0.25192965 0.25091534 0.25010738 0.2494467 0.24889914 0.24844712 0.24808991 0.24782598 0.24766284 0.24760504 0.24765611 0.24781807 0.24808817
0.43646589 0.43464964 0.43280424 0.43092883 0.42902233 0.4270834 0.42511039 0.42310134 0.42105394 0.41896554 0.41683309 0.41465318 0.41242202 0.41013544 0.40778895 0.40537774 0.40289671 0.40034055 0.39770374 0.39498058 0.39216514 0.38925125 0.38623237 0.38310144 0.3798508 0.37647204 0.37295604 0.36929295 0.36547216 0.36148175 0.35730701 0.35292761 0.34831378 0.34342379 0.33820619 0.33260466 0.32653938 0.31979294 0.31180525 0.30146917 0.28433455 0.26792236 0.26172084 0.25550314 0.25305978 0.25154068 0.25045608 0.2496239 0.24896137 0.24842906 0.24800962 0.24769618 0.24748886 0.24739084 0.24740426 0.24752913 0.24776234
0.43755822 0.43579495 0.43400329 0.4321824 0.43033127 0.42844862 0.42653293 0.42458242 0.422595 0.4205683 0.41849962 0.41638596 0.41422403 0.41201021 0.40974064 0.40741122 0.40501761 0.40255532 0.40001967 0.39740586 0.39470892 0.39192369 0.38904478 0.38606649 0.38298274 0.37978703 0.3764724 0.37303138 0.36945576 0.36573612 0.36186088 0.35781478 0.3535773 0.34912169 0.34441445 0.3394118 0.33404304 0.32817317 0.32156531 0.31387429 0.30477108 0.29543233 0.28153937 0.26268217 0.25536268 0.25270167 0.25110834 0.25000246 0.24917197 0.24852673 0.2480264 0.247648 0.24738585 0.24723963 0.24720825 0.24729107 0.24748367
0.43860985 0.43689693 0.43515638 0.4333874 0.43158902 0.42976006 0.42789913 0.42600461 0.4240746 0.422107 0.42009941 0.41804919 0.41595347 0.41380913 0.41161283 0.40936105 0.40705009 0.40467612 0.40223518 0.3997232 0.39713598 0.39446921 0.39171843 0.38887896 0.3859459 0.38291408 0.379778 0.37653171 0.37316864 0.3696812 0.36606011 0.36229363 0.35836665 0.35425982 0.34994817 0.34539756 0.34055706 0.33534911 0.32966816 0.32340365 0.3164974 0.30879854 0.29911806 0.2834363 0.26274304 0.25504278 0.25230597 0.25070066 0.2496058 0.24879815 0.24818535 0.24772114 0.24738805 0.24717913 0.24709306 0.24712587 0.24727204
0.43962374 0.43795877 0.43626694 0.43454748 0.43279949 0.43102188 0.42921336 0.42737247 0.4254975 0.42358657 0.42163756 0.41964816 0.41761584 0.41553791 0.41341146 0.41123348 0.40900079 0.40671012 0.40435808 0.40194122 0.39945599 0.39689875 0.39426577 0.39155318 0.38875696 0.38587286 0.38289641 0.37982275 0.37664644 0.37336123 0.36995955 0.36643204 0.36276691 0.35894915 0.35495933 0.35077149 0.34635008 0.34164767 0.33660623 0.33116099 0.32522495 0.31858645 0.31070481 0.30048958 0.28459432 0.26264087 0.25470953 0.25196749 0.25039242 0.24933293 0.24855663 0.24796511 0.24752828 0.24723459 0.24707658 0.24704622 0.24713519
