landslides_training_model/shapes/shapes_exact_point/decision_tree_suc.tif
NCOLS 441
NROWS 451
XLLCORNER -92.213079
YLLCORNER 13.747265
DX 0.0090151111
DY 0.0090031242
NODATA_VALUE -9999
[rows 400 to 424 of 451, columns 57 to 113 of 441]
0.24722839 0.24746671 0.24779418 0.24819642 0.2486531 0.24915153 0.24967295 0.25020759 0.25074021 0.25126401 0.25176944 0.25224935 0.25270301 0.25312459 0.25351877 0.25388462 0.25423074 0.25453292 0.25472999 0.25481439 0.25485082 0.25486764 0.25485802 0.25482254 0.25475797 0.25467136 0.25456655 0.25445655 0.2543491 0.2542589 0.25420308 0.2541933 0.25424806 0.25437877 0.25459786 0.25491149 0.25532193 0.25582736 0.25642039 0.2570892 0.2578229 0.25860343 0.25941843 0.26025002 0.26108912 0.26192013 0.26273897 0.26353509 0.26430558 0.26505557 0.26578862 0.26653012 0.26732714 0.26839238 0.2726284 0.27395269 0.26934219
0.24723235 0.2473948 0.24765866 0.24800555 0.24841357 0.24886742 0.24935017 0.24984793 0.2503499 0.25084211 0.25131981 0.25177517 0.25220355 0.2526015 0.25296792 0.25329748 0.25359041 0.25383452 0.25401649 0.25413608 0.25420346 0.25423263 0.25422809 0.25419109 0.25412542 0.25403348 0.2539257 0.2538106 0.25369815 0.25360131 0.25353463 0.25351122 0.25354837 0.25365873 0.25385268 0.25413745 0.25451602 0.25498605 0.25554185 0.25617373 0.25686875 0.25761413 0.25839175 0.25918942 0.25999357 0.26079386 0.26158152 0.26234521 0.2630831 0.26379232 0.26447548 0.26513797 0.26579855 0.26650414 0.26731557 0.26765488 0.26746944
0.24738032 0.24743777 0.24761867 0.24789632 0.24824514 0.24864841 0.24908661 0.24954403 0.25000874 0.25046749 0.25091625 0.25134414 0.25174726 0.25211998 0.25246016 0.25276218 0.25302645 0.25324526 0.25341382 0.25353322 0.25360562 0.25363673 0.25363181 0.25359232 0.25352217 0.25342795 0.25331516 0.253196 0.25307736 0.25297221 0.25289519 0.25285986 0.25288089 0.25297198 0.25314255 0.25340032 0.25374865 0.25418656 0.25470785 0.25530487 0.25596504 0.25667427 0.25741903 0.25818436 0.25895669 0.25972725 0.26048469 0.26121984 0.26192768 0.2626027 0.26324482 0.26385163 0.26442241 0.26495575 0.26541845 0.26573199 0.26589537
0.24775423 0.24765107 0.24771587 0.24790403 0.24817897 0.24851789 0.24890154 0.24930991 0.24973263 0.25015427 0.25056899 0.25096526 0.25134058 0.2516863 0.25200205 0.25228103 0.25252151 0.25272168 0.25287624 0.25298833 0.25305572 0.25308444 0.25307391 0.25303108 0.25295638 0.25285894 0.25274202 0.25261677 0.25249315 0.2523804 0.252295 0.25224761 0.25225463 0.25232659 0.25247574 0.2527084 0.25302849 0.25343561 0.25392564 0.25448871 0.2551154 0.25579054 0.25650337 0.25723667 0.25798139 0.25872197 0.25945222 0.26015936 0.26083929 0.26148731 0.26209552 0.26266256 0.26318085 0.26364606 0.2640386 0.26434509 0.26456067
0.24848504 0.24811458 0.24800807 0.24806942 0.24824359 0.2484995 0.24881167 0.24916046 0.24953079 0.24990836 0.25028238 0.25064379 0.25098682 0.25130474 0.25159311 0.25185031 0.2520691 0.25224999 0.2523903 0.25249064 0.25255023 0.25257066 0.25255532 0.25250611 0.25242723 0.25232382 0.2522037 0.25207163 0.25194111 0.25182195 0.25172724 0.25166945 0.25166187 0.2517173 0.25184581 0.25205487 0.25234843 0.25272667 0.25318574 0.25371836 0.25431212 0.25495657 0.25563767 0.25634217 0.25705713 0.25777186 0.25847519 0.259158 0.2598141 0.26043612 0.2610199 0.26155642 0.26204476 0.2624766 0.26284466 0.2631426 0.26337091
0.24988142 0.24901263 0.24862144 0.24847953 0.24849906 0.24863352 0.24884833 0.2491164 0.24942119 0.24974359 0.25006941 0.25038807 0.25069499 0.25097998 0.25123863 0.25147 0.25166677 0.25182828 0.25195215 0.25203907 0.25208764 0.25209768 0.25207486 0.25201862 0.25193265 0.25182279 0.25169766 0.25156066 0.25142348 0.25129667 0.25119341 0.25112425 0.25110294 0.25114223 0.25125118 0.25143772 0.25170614 0.25205692 0.25248717 0.25298884 0.2535518 0.25416679 0.25481873 0.25549543 0.25618309 0.25687265 0.25755216 0.25821166 0.25884581 0.25944635 0.26000796 0.26052294 0.2609915 0.26140411 0.26175827 0.26205002 0.26228027
0.25298369 0.25091112 0.24989391 0.24933392 0.24907571 0.24900235 0.24906506 0.24921915 0.24943277 0.24968168 0.24994552 0.25021261 0.25047416 0.25071944 0.25094513 0.25114688 0.25131773 0.25145743 0.25156403 0.25163359 0.25166915 0.25166784 0.25163413 0.25156982 0.25147576 0.25135989 0.25122745 0.25108342 0.25093997 0.25080643 0.25069232 0.25061269 0.25057883 0.25060117 0.25069165 0.25085665 0.25110107 0.25142583 0.25182828 0.2523008 0.25283534 0.25342166 0.25404477 0.25469394 0.25535807 0.25602229 0.25667853 0.25731875 0.25793146 0.25851245 0.25905658 0.25955534 0.26000811 0.26040695 0.26075154 0.26103972 0.26126759
0.26367394 0.25933086 0.25306121 0.2512215 0.25029689 0.24976553 0.24955322 0.24952815 0.24960977 0.24975307 0.24993493 0.25013296 0.25033475 0.25053229 0.25071663 0.25088297 0.25102497 0.25113888 0.25122324 0.25127492 0.25129321 0.25127938 0.25123304 0.25115765 0.25105512 0.25093002 0.25078907 0.25063813 0.25048593 0.25034323 0.25021997 0.25012874 0.25008089 0.25008774 0.25015969 0.25030402 0.25052519 0.25082471 0.2512002 0.25164559 0.25215287 0.25271094 0.25330789 0.2539322 0.25457084 0.25521356 0.25584917 0.25646827 0.257064 0.25762847 0.2581556 0.25864162 0.25908067 0.25947083 0.25980807 0.26009044 0.26031836
0.29792433 0.28898686 0.26396838 0.25971345 0.25342058 0.25131574 0.25052959 0.25018661 0.25004711 0.2500311 0.25008947 0.25018738 0.2503065 0.25043908 0.25057005 0.25069382 0.25079923 0.25088201 0.25094118 0.25097005 0.25096863 0.25093878 0.25087789 0.25078993 0.25067587 0.25054023 0.25039084 0.25023026 0.25006864 0.24991726 0.24978355 0.24968101 0.24961941 0.24961047 0.24966501 0.249789 0.24998767 0.2502628 0.25061279 0.25103138 0.25151193 0.25204365 0.25261418 0.25321448 0.25382879 0.25445013 0.25506584 0.25566603 0.2562449 0.25679404 0.25730663 0.25778134 0.25820896 0.25859115 0.2589223 0.2592008 0.25942736
0.31094679 0.30416876 0.29636725 0.28765279 0.26358429 0.255001 0.25262923 0.25156756 0.25094247 0.25064799 0.25050102 0.250431 0.25042438 0.25046348 0.25052472 0.25059171 0.2506513 0.25069708 0.25072397 0.25072533 0.25070156 0.2506508 0.25057349 0.25046838 0.25034071 0.25019413 0.25003279 0.24986107 0.2496899 0.24952713 0.24938293 0.2492665 0.24919137 0.24916707 0.2492036 0.24930746 0.24948425 0.24973573 0.25006041 0.2504541 0.25090798 0.2514135 0.25195975 0.2525363 0.25312843 0.25372806 0.25432398 0.25490843 0.25547016 0.25600456 0.25650547 0.25696906 0.25738793 0.25776128 0.25808741 0.25836405 0.25858769
0.32044431 0.31503487 0.30904297 0.30187703 0.29173116 0.26677305 0.26173976 0.25521915 0.25279511 0.25201221 0.25143764 0.25097605 0.25074726 0.25064789 0.25061102 0.2506002 0.25060124 0.2505979 0.25058402 0.25055211 0.25049991 0.25042371 0.25032431 0.25020071 0.250056 0.24989439 0.24971869 0.24953469 0.24935104 0.24917539 0.24901754 0.24888855 0.24879827 0.24875752 0.24877597 0.24886009 0.24901509 0.24924327 0.24954359 0.24991159 0.25034067 0.25082141 0.25134395 0.25189623 0.25246664 0.25304639 0.25362442 0.2541907 0.25473853 0.25525995 0.25574892 0.25620176 0.25661269 0.25697933 0.2573006 0.25757366 0.2577965
0.32821237 0.32356396 0.31846955 0.31265079 0.30563808 0.29742843 0.28870641 0.26642226 0.25738921 0.2578991 0.25412595 0.25200689 0.25137568 0.25106474 0.25088164 0.2507617 0.25067831 0.25060849 0.25054201 0.2504664 0.25037745 0.2502693 0.25014309 0.24999518 0.24983028 0.2496481 0.24945507 0.24925462 0.24905655 0.24886599 0.24869311 0.24854961 0.24844326 0.24838568 0.24838458 0.24844863 0.24858184 0.24878688 0.24906324 0.24940632 0.24981063 0.25026632 0.25076542 0.2512946 0.25184568 0.25240526 0.25296546 0.25351481 0.25404861 0.25455748 0.25503481 0.2554791 0.25588148 0.25624347 0.25655892 0.25682944 0.25705057
0.33490058 0.33077353 0.32631545 0.32140703 0.31592235 0.30979374 0.30259827 0.29270572 0.26974607 0.26836895 0.25746628 0.25376255 0.25253263 0.25187009 0.25143585 0.25113888 0.25092723 0.25076437 0.25062384 0.25049047 0.25035124 0.25020204 0.25003964 0.24986121 0.24966769 0.24946162 0.24924421 0.24902452 0.24880667 0.24859852 0.24840882 0.24824693 0.24812347 0.24804611 0.24802551 0.24806826 0.24817918 0.24836092 0.2486131 0.24893243 0.24931188 0.2497441 0.2502192 0.25072736 0.25125727 0.25179963 0.25234159 0.2528758 0.25339516 0.2538916 0.25435944 0.25479474 0.25518993 0.25554578 0.25585794 0.25612488 0.25634555
0.34083762 0.33710637 0.33312439 0.32882975 0.32415117 0.31898378 0.31306701 0.30581119 0.29602978 0.27285962 0.2658246 0.25839334 0.25501916 0.25353415 0.25250631 0.25186566 0.25144287 0.25113429 0.25088554 0.25066639 0.2504603 0.2502534 0.2500428 0.2498222 0.24959081 0.24935154 0.24910543 0.24886037 0.24861783 0.24838704 0.2481761 0.24799303 0.24784959 0.24775199 0.24771007 0.24773048 0.24781828 0.24797632 0.24820416 0.2484984 0.24885383 0.24926224 0.24971406 0.25020061 0.25071068 0.25123301 0.25175852 0.25227731 0.25278326 0.25326853 0.25372599 0.25415203 0.25453996 0.25489075 0.25519942 0.25546332 0.25568297
0.34621115 0.34279528 0.33918187 0.33533073 0.33118979 0.32667922 0.32165788 0.31588914 0.3089905 0.30075185 0.29207612 0.27222476 0.26519959 0.25843745 0.25466273 0.25322496 0.25241202 0.25184753 0.25141982 0.25106802 0.25076062 0.25047022 0.25018805 0.24990715 0.249623 0.24933903 0.24905339 0.24877248 0.24849791 0.24823884 0.24800186 0.24779358 0.24762548 0.24750392 0.24743872 0.24743521 0.24749878 0.24763193 0.24783459 0.2481035 0.24843435 0.24881831 0.24924835 0.24971236 0.25020243 0.2507055 0.25121378 0.25171918 0.25221076 0.25268474 0.25313219 0.2535499 0.25393154 0.25427606 0.25458105 0.25484186 0.25506062
0.35113987 0.34798394 0.34466756 0.34116207 0.33743003 0.33341904 0.32905412 0.32423722 0.31887047 0.31292579 0.30625783 0.29844033 0.29016944 0.27190427 0.26041277 0.25607137 0.25437649 0.25321292 0.25243086 0.25184174 0.25136358 0.25093977 0.2505454 0.25016879 0.2498062 0.24945595 0.24911496 0.24878403 0.24846742 0.24816931 0.24789673 0.24765712 0.24745923 0.24731016 0.24721732 0.24718759 0.24722459 0.24733128 0.24750751 0.24775063 0.24805587 0.24841572 0.24882155 0.24926434 0.24973329 0.25021815 0.25071029 0.2511999 0.25167896 0.2521401 0.25257949 0.25298787 0.25336306 0.2537027 0.25400278 0.25426113 0.25447801
0.35570495 0.35276927 0.34970087 0.3464789 0.34307726 0.33946279 0.33559469 0.33142805 0.32692313 0.32204632 0.31673044 0.31086187 0.3040599 0.2948651 0.27571672 0.26703764 0.26042108 0.25616201 0.25450603 0.2533341 0.25252771 0.25185921 0.25125354 0.2507087 0.250215 0.24976253 0.24933728 0.24893345 0.24855488 0.24820232 0.24788145 0.2475995 0.24736464 0.24718073 0.24705553 0.24699548 0.247003 0.24708075 0.24722882 0.24744432 0.24772296 0.2480576 0.24843919 0.24885961 0.24930809 0.24977391 0.25024911 0.25072375 0.25119006 0.2516386 0.25206716 0.25246832 0.25283587 0.25317042 0.25346687 0.25372152 0.25393708
0.35996487 0.35721996 0.35436404 0.35138196 0.34825565 0.34496394 0.34148305 0.33778848 0.33385662 0.32966081 0.32515668 0.32025402 0.31474001 0.30820324 0.30040374 0.29249746 0.2765719 0.26737473 0.261136 0.25658736 0.25509804 0.25382267 0.25263866 0.25173206 0.25099342 0.25036358 0.24980171 0.2492823 0.24880466 0.24837014 0.24797973 0.24763978 0.24735386 0.24712524 0.24696055 0.24686349 0.24683639 0.24688145 0.24699826 0.24718427 0.24743407 0.24774164 0.24809928 0.2484958 0.24892267 0.24937075 0.24982782 0.25028665 0.25073987 0.25117737 0.25159505 0.25198813 0.2523493 0.25267738 0.25296984 0.25322182 0.25343448
0.3639634 0.36138646 0.35871598 0.35594091 0.35304867 0.35002529 0.34685581 0.34352488 0.34001643 0.33631067 0.33237691 0.32816198 0.32357967 0.31853695 0.31303371 0.30702202 0.30001673 0.29277509 0.27847427 0.26872055 0.26582 0.26082909 0.25569338 0.25385489 0.25249978 0.25151984 0.25070622 0.24997161 0.24931862 0.24874629 0.24824885 0.24782143 0.24746387 0.24717586 0.24695907 0.24681591 0.2467472 0.24675369 0.24683442 0.24698632 0.24720471 0.24748328 0.24781323 0.24818519 0.24859001 0.24901667 0.24945651 0.24989959 0.25033739 0.25076365 0.25117054 0.25155417 0.25190871 0.25223037 0.25251761 0.25276684 0.25297656
0.36773422 0.36530703 0.36280055 0.36020668 0.35751652 0.35472057 0.35180887 0.34877113 0.34559622 0.34227054 0.33877524 0.33508373 0.33116392 0.32699171 0.32256234 0.31785555 0.3128296 0.30739209 0.30115098 0.29552382 0.29049035 0.2789039 0.26712442 0.26150943 0.25579634 0.25405388 0.25265206 0.25132903 0.25029604 0.24946272 0.24877649 0.24820765 0.24774171 0.24736654 0.24707835 0.24687488 0.24675283 0.24671125 0.2467481 0.24686006 0.24704188 0.24728763 0.2475875 0.24793189 0.24831262 0.24871735 0.24913787 0.24956396 0.24998623 0.2504002 0.25079498 0.25116922 0.25151587 0.25183098 0.2521128 0.25235795 0.25256439
0.37130394 0.36901155 0.36665158 0.36421807 0.36170468 0.35910477 0.35641153 0.35361795 0.35071657 0.34769875 0.34455401 0.34127016 0.33783562 0.33424393 0.33049489 0.32658797 0.32251854 0.3182743 0.31389143 0.30953291 0.30491251 0.29910266 0.29261172 0.2811686 0.26802162 0.26488906 0.26053898 0.25435795 0.25233731 0.25084795 0.24976379 0.24893351 0.24827956 0.24776685 0.24737325 0.24708347 0.24688825 0.24678206 0.2467619 0.24682358 0.24696124 0.24716761 0.24743215 0.24774648 0.24809942 0.2484814 0.24887981 0.24928678 0.24969342 0.25009301 0.2504759 0.25083812 0.25117586 0.25148481 0.25175943 0.25199962 0.25220318
0.37469406 0.37252389 0.37029587 0.36800561 0.36564853 0.36321997 0.36071524 0.35812964 0.35545837 0.35269635 0.34983824 0.34687897 0.34381498 0.34064579 0.33737414 0.33400439 0.33054147 0.32699288 0.323375 0.31968266 0.31579223 0.31150984 0.30670033 0.30097848 0.29544067 0.29067531 0.28120996 0.26588882 0.26069948 0.25390858 0.25180971 0.25032759 0.24928115 0.24851884 0.24794806 0.24752449 0.24721747 0.24701599 0.24691494 0.24690834 0.24698832 0.24714493 0.2473674 0.24764544 0.2479672 0.24832081 0.24869528 0.24908166 0.24946955 0.24985226 0.25022121 0.25057117 0.2508983 0.25119793 0.25146547 0.25170018 0.25189849
0.37792223 0.37586357 0.3737552 0.37159387 0.36937629 0.36709917 0.36475934 0.36235373 0.35987941 0.35733363 0.354714 0.35201884 0.34924787 0.3464027 0.34348681 0.34050494 0.33746232 0.33436375 0.33120959 0.32798133 0.32462642 0.3210761 0.31727611 0.31323273 0.30910517 0.30472069 0.29918791 0.29274824 0.28287503 0.26562213 0.26052385 0.2534113 0.25134661 0.24996222 0.24903331 0.2483747 0.24786632 0.2474986 0.24726706 0.24715742 0.24715545 0.24724569 0.24741485 0.24764719 0.2479304 0.24825106 0.24859642 0.24895803 0.24932352 0.24968777 0.25003923 0.25037593 0.25068943 0.25097841 0.25123644 0.25146428 0.25165552
0.38100326 0.37904684 0.37704756 0.37500302 0.37291087 0.37076882 0.36857476 0.36632676 0.36402317 0.36166268 0.35924448 0.3567685 0.3542357 0.35164821 0.3490092 0.34632237 0.34359111 0.34081691 0.33799625 0.33511573 0.3321504 0.32907117 0.32585792 0.32251029 0.31902358 0.31528924 0.31110019 0.30628851 0.300384 0.29369074 0.28415424 0.26533427 0.26046208 0.25320524 0.25139881 0.25024007 0.24918519 0.24844294 0.24796393 0.24767568 0.247543 0.24753559 0.24762809 0.24779986 0.24803135 0.24830846 0.24861818 0.2489473 0.24928554 0.24962509 0.24995512 0.25027267 0.25057061 0.25084479 0.25109151 0.25130825 0.2514918
0.38394967 0.3820874 0.38018807 0.37824992 0.37627126 0.37425056 0.37218645 0.37007778 0.36792373 0.36572383 0.36347809 0.36118715 0.35885232 0.35647562 0.35405955 0.35160665 0.34911874 0.34659576 0.34403409 0.34142507 0.33875528 0.33600957 0.3331749 0.33023936 0.32717822 0.3239332 0.3204177 0.31653493 0.31218137 0.30727009 0.30136897 0.29470626 0.28571487 0.26570865 0.26248231 0.25933871 0.252279 0.25045568 0.24934968 0.24867002 0.24829471 0.24812099 0.24809495 0.24817312 0.24833032 0.24854733 0.24880694 0.24909271 0.24939192 0.24969709 0.24999747 0.2502902 0.2505655 0.25082041 0.25105108 0.25125187 0.25142467
