landslides_training_model/shapes/shapes_exact_point/decision_tree_suc.tif
NCOLS 441
NROWS 451
XLLCORNER -92.213079
YLLCORNER 13.747265
DX 0.0090151111
DY 0.0090031242
NODATA_VALUE -9999
[rows 250 to 274 of 451, columns 57 to 113 of 441]
0.81346159 0.813854 0.81431328 0.81488188 0.81560165 0.81649547 0.81760877 0.81898774 0.8206866 0.82279741 0.82541297 0.82863069 0.83257552 0.83728686 0.84264257 0.84827416 0.85332624 0.85660525 0.85710041 0.85459684 0.84984805 0.84407336 0.83831091 0.83309856 0.82866215 0.82500882 0.82202522 0.81961412 0.81767798 0.81612021 0.81488518 0.81392953 0.81321533 0.81273993 0.81250804 0.81256285 0.81293681 0.81365217 0.81477845 0.81640824 0.81865866 0.82170371 0.82570088 0.8307547 0.83686992 0.84364038 0.85006527 0.85462114 0.85571937 0.85279868 0.846694 0.8390302 0.83117148 0.82396431 0.81773569 0.81246358 0.80805948
0.81332721 0.8139283 0.8144628 0.81505603 0.81576795 0.81664842 0.81773151 0.8190692 0.82072195 0.82277643 0.82531236 0.82844193 0.83226655 0.83685547 0.84209269 0.84762737 0.85268215 0.85612237 0.85689872 0.8547027 0.85021101 0.84459249 0.83886087 0.83366217 0.82921154 0.82552318 0.8225071 0.82007549 0.81811597 0.81654531 0.81529636 0.81433303 0.81361947 0.81314533 0.81291503 0.81294653 0.81327624 0.81393685 0.81499356 0.81653545 0.8186922 0.82159153 0.82539907 0.83024097 0.83613196 0.84270498 0.84910829 0.85388354 0.85546881 0.8531344 0.84754303 0.84019465 0.83251655 0.82536734 0.8191512 0.81389014 0.80948988
0.81294916 0.81387769 0.81451786 0.81514679 0.815866 0.81673276 0.81779444 0.81910323 0.82071223 0.82270919 0.82518035 0.82822925 0.83195576 0.83639945 0.84151936 0.84697171 0.8520313 0.85560775 0.85664329 0.85476328 0.85052526 0.84505554 0.83939983 0.83420214 0.82972732 0.82601813 0.82297834 0.82051765 0.81853525 0.81694734 0.81568903 0.8147174 0.81399429 0.81351231 0.81327081 0.8132832 0.81357696 0.81419443 0.81518918 0.81665775 0.81870777 0.82147745 0.82511871 0.82975932 0.83539009 0.8417789 0.84813353 0.8530958 0.85511801 0.85336254 0.84827866 0.84126302 0.83375487 0.82669257 0.82048912 0.81523712 0.81082733
0.81237265 0.81370774 0.81447125 0.81514223 0.81587724 0.81673969 0.8177835 0.81906898 0.82064645 0.82260238 0.82501084 0.82798897 0.8316139 0.83595193 0.84096332 0.84631704 0.85137397 0.85506381 0.85635204 0.85477222 0.85080244 0.84548985 0.83991627 0.83472322 0.83023833 0.82648486 0.82342397 0.82094254 0.81893649 0.8173351 0.81606109 0.81507746 0.81434638 0.81385119 0.81359656 0.81358525 0.81385044 0.81442295 0.81537167 0.81676596 0.81871539 0.82136274 0.82483223 0.82927729 0.83469454 0.84089772 0.84716229 0.85226163 0.85469249 0.85348283 0.84890145 0.84225126 0.83492435 0.82795365 0.82178002 0.816503 0.8120952
0.81182201 0.81341829 0.81428547 0.81501245 0.81577194 0.81664356 0.817685 0.81895308 0.82050951 0.82242737 0.82479217 0.8277004 0.83124701 0.83549108 0.84038587 0.84566162 0.85069531 0.8545088 0.85602659 0.85474137 0.85102734 0.84589476 0.84039238 0.83522529 0.83071895 0.82694526 0.82385185 0.82134287 0.81932039 0.8177 0.81641494 0.81541718 0.81467401 0.81416812 0.81389554 0.81386464 0.81409852 0.81463447 0.81552861 0.8168575 0.81872125 0.8212443 0.82456584 0.8288115 0.8340227 0.84001844 0.84619805 0.85141309 0.85419896 0.85351271 0.8494521 0.84316164 0.83605119 0.8291561 0.82299673 0.81772459 0.81330068
0.81107303 0.81285497 0.81386027 0.8146814 0.81550188 0.81640676 0.81745728 0.81872748 0.82027191 0.8221741 0.82451241 0.82736881 0.83085525 0.83500758 0.83981518 0.84501958 0.8500249 0.85392609 0.85566845 0.85467883 0.85122981 0.84628646 0.84086188 0.83570741 0.83119462 0.82738799 0.82427089 0.82173186 0.81968542 0.81805076 0.81674868 0.81573991 0.81498155 0.81446087 0.81417276 0.81411735 0.81432362 0.81481823 0.81566336 0.81692989 0.8187036 0.82111832 0.82430113 0.82835889 0.83337246 0.83916291 0.8452437 0.85054348 0.85364405 0.85345654 0.84991257 0.84399557 0.83709299 0.8303041 0.82416141 0.81889321 0.81445008
0.80891277 0.81153982 0.81290317 0.81399378 0.81496991 0.81594638 0.81703475 0.81832329 0.81988476 0.82179711 0.82412417 0.82696074 0.83039723 0.83449291 0.83923284 0.84436206 0.84935994 0.8533416 0.85529475 0.85458684 0.85140926 0.84664156 0.84131568 0.83617558 0.83164336 0.82781665 0.8246661 0.82210565 0.8200341 0.81837996 0.81706569 0.81604128 0.81527143 0.81473358 0.81442714 0.81435035 0.81452412 0.81498181 0.81577364 0.8169784 0.81867532 0.8209821 0.82402469 0.82792142 0.83274941 0.83836183 0.84431676 0.84966194 0.85305647 0.85334158 0.85029111 0.8447709 0.83810841 0.8314099 0.82528511 0.82000417 0.81555283
0.80032121 0.80729084 0.81019555 0.8125718 0.81396523 0.8150984 0.81626097 0.8176113 0.81924327 0.82120501 0.82356998 0.82642101 0.82985226 0.83392438 0.83859117 0.84367685 0.84866969 0.85273289 0.85487727 0.85444503 0.85153472 0.84695213 0.8417172 0.83661553 0.83208132 0.82822338 0.82504075 0.82245249 0.82036404 0.81869464 0.81736254 0.8163229 0.81553861 0.814987 0.8146606 0.81455631 0.81469738 0.81511374 0.81585435 0.81698984 0.8186027 0.82081698 0.823745 0.82749696 0.83213433 0.83755087 0.8433881 0.84876454 0.85240593 0.85312726 0.85057894 0.84545511 0.83903008 0.83243769 0.82635828 0.82108111 0.81660572
0.77403538 0.78185254 0.79967265 0.80919299 0.81197281 0.81340473 0.81469696 0.81619103 0.81804654 0.82023221 0.82272205 0.82564839 0.82911945 0.83322447 0.83790011 0.84295951 0.84796155 0.85209378 0.85442729 0.85425843 0.85161994 0.84722787 0.84210672 0.83703098 0.83248417 0.82861019 0.82539592 0.82278739 0.82067423 0.81898525 0.81764096 0.81658495 0.81578803 0.81521952 0.81486745 0.81473918 0.81484066 0.81520901 0.81588269 0.81693453 0.81847156 0.82059681 0.82343543 0.82705228 0.83151375 0.83677897 0.84247423 0.84786009 0.85170599 0.85284206 0.85077106 0.84606458 0.83989228 0.83343724 0.82740619 0.8221015 0.8176156
0.76618664 0.77150041 0.77915081 0.79678631 0.8067119 0.80856077 0.8101158 0.81204639 0.81497222 0.81839451 0.82124863 0.82435391 0.82799726 0.83226572 0.83707619 0.84219763 0.8472235 0.85144194 0.85394596 0.8540327 0.85165179 0.84746568 0.84244721 0.83741938 0.83286329 0.82896399 0.82573082 0.82309473 0.82096513 0.81925616 0.81789968 0.81683058 0.81601592 0.81542888 0.81505531 0.81489335 0.81495207 0.8152537 0.81583815 0.81677198 0.8181702 0.82022696 0.82304378 0.82658982 0.83091739 0.83600569 0.84157563 0.84693556 0.85096908 0.85248688 0.85089383 0.84659955 0.84071492 0.83438901 0.82839564 0.82309793 0.81858501
0.76348079 0.76669242 0.77079639 0.77649295 0.78105342 0.78321147 0.78469697 0.78663894 0.79453323 0.81391162 0.8175046 0.82112957 0.82533409 0.83036189 0.83592095 0.84128858 0.84643055 0.85074517 0.85342901 0.85376748 0.85164863 0.84767477 0.84276692 0.83777696 0.83323009 0.82930559 0.82605283 0.82338783 0.82123445 0.81951124 0.81813287 0.81705342 0.81622187 0.81561853 0.81521889 0.8150223 0.81503026 0.81524443 0.81568597 0.8163638 0.81726023 0.81906638 0.82249936 0.82611259 0.83032376 0.83526586 0.84071067 0.84602646 0.85021131 0.85206946 0.85092863 0.84706022 0.84145721 0.83527389 0.82934524 0.82404197 0.81951659
0.76376393 0.76527451 0.76720871 0.76940091 0.77137043 0.7728547 0.77415135 0.77585963 0.7791635 0.78288695 0.78463384 0.78586877 0.78758043 0.79309555 0.83387111 0.83994163 0.84552143 0.85002311 0.85288138 0.85346348 0.85160307 0.84782748 0.84303734 0.83810907 0.83356147 0.82962719 0.82634525 0.82366129 0.82148363 0.81974134 0.81835115 0.81725567 0.8164112 0.81578514 0.81536446 0.81513043 0.81507551 0.81518033 0.81536819 0.8152973 0.81441365 0.80296025 0.82186668 0.82561336 0.82973902 0.83454806 0.83985424 0.84513595 0.84943766 0.85161791 0.85091911 0.84745248 0.84215544 0.8361431 0.83026456 0.82497179 0.82040419
0.76686132 0.76683219 0.76718089 0.76767178 0.76822049 0.76877375 0.76938806 0.77023199 0.77144799 0.77279563 0.77396763 0.77517069 0.77695009 0.7804543 0.78586672 0.79336631 0.84442874 0.84916384 0.85219184 0.85302105 0.85140644 0.84787561 0.84326091 0.83839684 0.83385733 0.82991759 0.82660859 0.82389936 0.82170722 0.8199518 0.81854512 0.81743548 0.81657645 0.8159351 0.81549048 0.81521738 0.81510046 0.81508426 0.8149447 0.81244541 0.80075169 0.8176696 0.82151265 0.82512192 0.829146 0.83381231 0.83899695 0.84423034 0.84861985 0.85109046 0.85080756 0.84776739 0.84277708 0.83695244 0.83113642 0.82584543 0.8212661
0.77340318 0.77193236 0.77063657 0.76937709 0.76853237 0.76803623 0.76776824 0.76770711 0.76787411 0.76824056 0.76877847 0.76957818 0.77087223 0.77300682 0.776469 0.78462988 0.84303997 0.84805334 0.79128356 0.79119135 0.79605482 0.84781723 0.84342495 0.83865118 0.8341361 0.83016467 0.82684115 0.82411508 0.82190119 0.82012937 0.81870967 0.81759193 0.81672176 0.81606278 0.81559624 0.81529281 0.81512075 0.81500593 0.81462679 0.81136143 0.79859078 0.81653261 0.82089564 0.82456806 0.82853892 0.83309653 0.83814915 0.84332721 0.84779522 0.85051468 0.85062761 0.84800904 0.84335357 0.8376936 0.83196848 0.82668369 0.82209375
0.78645894 0.78442475 0.77972172 0.77452416 0.77175381 0.77002339 0.76870051 0.76760327 0.76678586 0.76629647 0.76615114 0.76638966 0.76710342 0.76844336 0.77070497 0.77466923 0.77967911 0.78127924 0.78064742 0.7828562 0.79035274 0.84780121 0.84358248 0.83887254 0.83436354 0.8303845 0.82703326 0.82428394 0.82205967 0.82027398 0.81884854 0.81771971 0.81683883 0.81616915 0.81568338 0.81535561 0.81514965 0.81497514 0.81448624 0.81079504 0.79399079 0.79840965 0.81988082 0.82391624 0.82790137 0.83235879 0.83730586 0.8424083 0.84694077 0.84989433 0.85038462 0.84817777 0.84384878 0.83840243 0.83275938 0.82750152 0.82288694
0.81237909 0.81036422 0.79787759 0.78433903 0.77830038 0.77522465 0.77251762 0.76985617 0.76771452 0.76618615 0.76522357 0.76479158 0.76488648 0.7655352 0.76679041 0.7686493 0.77073046 0.77250582 0.77444188 0.77809734 0.78687175 0.84777451 0.84368352 0.83904317 0.83453456 0.83054465 0.82716618 0.82440681 0.82216988 0.82037668 0.81895019 0.81781403 0.81692826 0.81624671 0.81574952 0.81540361 0.81518098 0.81500185 0.81456917 0.81128298 0.79469573 0.79587302 0.81818763 0.82309489 0.8272269 0.8316193 0.83647555 0.84150305 0.84608257 0.84923207 0.85007424 0.84826407 0.84427875 0.83903981 0.8335069 0.82826607 0.82364491
0.81600524 0.81485499 0.81237475 0.80180105 0.79063308 0.78720986 0.7819184 0.77502727 0.77065213 0.7676636 0.76565277 0.76442218 0.7638567 0.76387971 0.7644309 0.76543072 0.7667579 0.76837979 0.77061933 0.77441437 0.78276606 0.84761422 0.84368499 0.83912158 0.83461109 0.83059133 0.82720365 0.82444056 0.82221562 0.82043162 0.81900083 0.8178686 0.81697755 0.81629106 0.81578258 0.81542949 0.81520336 0.8150561 0.81482962 0.81403211 0.81068207 0.79231678 0.79742453 0.82206084 0.82647805 0.83085041 0.8356205 0.84060108 0.84520973 0.84855908 0.84972537 0.84831044 0.84466033 0.83965352 0.83421931 0.82899874 0.82435826
0.81787327 0.8170243 0.81575276 0.81382938 0.81193987 0.81038367 0.80365416 0.78479576 0.77599535 0.77074304 0.7672921 0.76507692 0.76379426 0.76323716 0.76326124 0.76376397 0.76468371 0.76604739 0.7680598 0.77123353 0.77671105 0.78623166 0.84328711 0.83892718 0.83446759 0.83039913 0.82702948 0.82432622 0.82215627 0.82040054 0.81899095 0.81786469 0.81697679 0.8162829 0.81576504 0.81540547 0.81518735 0.8150715 0.8149892 0.81470154 0.81202129 0.7937842 0.79582482 0.82105669 0.82560348 0.82998728 0.83470408 0.83965346 0.84430216 0.84781179 0.84928841 0.84825894 0.84495085 0.8401728 0.83486832 0.82969377 0.82503762
0.81922726 0.81843605 0.8175279 0.81657126 0.81562904 0.81459487 0.81272055 0.80618697 0.78542909 0.77580063 0.77010639 0.76660039 0.76452782 0.76342161 0.76301235 0.76314948 0.76375809 0.7648351 0.76647103 0.76888381 0.77245238 0.7778238 0.78631195 0.83810493 0.83347547 0.82917862 0.82626841 0.8239438 0.8219184 0.82024613 0.81888289 0.81777631 0.81689474 0.81619767 0.81566355 0.81529343 0.81507644 0.81499156 0.8149906 0.81493163 0.81441039 0.81185277 0.79451669 0.81913992 0.82432823 0.82888151 0.83368116 0.83863476 0.84332665 0.84700675 0.84878008 0.84811823 0.84516009 0.84063621 0.83543785 0.8303188 0.82566829
0.82029501 0.8194701 0.81866953 0.81791928 0.81721138 0.81647166 0.81548177 0.81362662 0.8078044 0.78448439 0.77412856 0.76879437 0.7658968 0.76429279 0.76352304 0.76337492 0.76374155 0.76457296 0.76586522 0.76766888 0.77010001 0.77335314 0.77778689 0.78348049 0.78748992 0.79182228 0.82387393 0.82290064 0.82134959 0.81985304 0.81859658 0.81754402 0.81668366 0.81597852 0.81540704 0.81499617 0.81477816 0.81473888 0.81479387 0.81481293 0.81449939 0.81166067 0.78923129 0.79243886 0.82156247 0.82684922 0.83231661 0.83743701 0.84224137 0.84609955 0.84817079 0.84787715 0.84526652 0.84099123 0.83594403 0.83087405 0.82622371
0.82117487 0.82027935 0.81949722 0.8188075 0.81819015 0.81757934 0.8168701 0.81581991 0.81378978 0.80762083 0.77844702 0.77130273 0.76775829 0.76576447 0.76471381 0.76436078 0.76458142 0.76528425 0.76637619 0.76778124 0.76948291 0.77153494 0.7740179 0.77688342 0.78005105 0.78425847 0.79106689 0.82010048 0.81946655 0.81873436 0.81792565 0.81697414 0.81621447 0.81551678 0.81478998 0.81421486 0.81398642 0.8140935 0.81430821 0.81429691 0.81333949 0.80958676 0.7860291 0.78444055 0.78642889 0.79069468 0.82997263 0.83555049 0.84068495 0.8448648 0.84730099 0.84739584 0.84520575 0.8412212 0.83632795 0.83132999 0.82670879
0.82189156 0.82093645 0.82014207 0.81947025 0.81888815 0.81832689 0.81766913 0.81665606 0.81446567 0.80812859 0.7809639 0.77386889 0.77008409 0.76783422 0.76657522 0.76610283 0.76632683 0.76714272 0.76832808 0.76960844 0.7708482 0.77207686 0.77345836 0.77526172 0.77789597 0.78233645 0.79000673 0.79583987 0.79915536 0.81569285 0.81569001 0.81482211 0.81491517 0.81458678 0.8128056 0.81121553 0.81095142 0.81200074 0.81327093 0.81333344 0.80989109 0.78995498 0.78469697 0.78275283 0.78230003 0.78300369 0.78445922 0.78442597 0.78408318 0.78400497 0.78452286 0.78736127 0.84482573 0.84107091 0.83647392 0.83165181 0.82705571
0.82246337 0.8214692 0.82066256 0.81999889 0.81943338 0.81888317 0.81815343 0.81647242 0.81157784 0.79370451 0.78316725 0.77692911 0.77309305 0.77062434 0.76916837 0.76863835 0.76909509 0.77059046 0.77263204 0.77425741 0.77522105 0.77559343 0.77569773 0.77640393 0.77847435 0.78401195 0.82366302 0.82183753 0.81921599 0.80222135 0.80044086 0.8016136 0.81187224 0.812739 0.80373168 0.79630938 0.79585839 0.8021371 0.81043048 0.81087594 0.80782466 0.79062782 0.79004436 0.78892056 0.78750714 0.78593086 0.78342653 0.77888634 0.77714158 0.77670764 0.77708212 0.77876742 0.78235595 0.78665599 0.8359901 0.83161031 0.82714269
0.82292254 0.82190812 0.82109682 0.82043893 0.81988623 0.81936672 0.81861907 0.81460003 0.80662465 0.81070499 0.78787144 0.78151512 0.77732475 0.77443722 0.77264698 0.77200784 0.77295154 0.77676109 0.78348368 0.78617694 0.78692789 0.78595772 0.78183332 0.78044064 0.78132469 0.7859653 0.8245489 0.82181198 0.81874608 0.81709526 0.81598937 0.81514353 0.81449675 0.80597561 0.79930468 0.79727583 0.79688986 0.79779425 0.79873889 0.79836725 0.79694004 0.79883215 0.81467273 0.81687345 0.81893879 0.82149909 0.82512216 0.7785187 0.77540564 0.77470469 0.77476103 0.77543537 0.77681813 0.77941092 0.78497271 0.83071344 0.82620512
0.82329373 0.82227379 0.82145934 0.82081251 0.82028542 0.81982718 0.81931159 0.81843081 0.81753144 0.81428773 0.79669162 0.79059167 0.78387171 0.77996867 0.77737585 0.77627063 0.77750491 0.78505323 0.84384108 0.84695335 0.84803931 0.84698413 0.79371456 0.79059908 0.78970995 0.78947524 0.82478508 0.79523436 0.79277716 0.81444597 0.81631055 0.81621383 0.81538583 0.81390384 0.81244805 0.81167293 0.81144787 0.81166826 0.81215837 0.81277861 0.81361048 0.81503012 0.81678642 0.81777584 0.81750072 0.78668414 0.78193933 0.77803177 0.77650101 0.77615516 0.77603607 0.77619412 0.776477 0.77745542 0.77977632 0.78364691 0.78650565
