landslides_training_model/shapes/shapes_exact_point/logistic_regression_suc.tif
NCOLS 441
NROWS 451
XLLCORNER -92.213079
YLLCORNER 13.747265
DX 0.0090151111
DY 0.0090031242
NODATA_VALUE -9999
[rows 50 to 74 of 451, columns 171 to 227 of 441]
0.043039046 0.043021523 0.043124402 0.042253491 0.042110041 0.045023674 0.041771208 0.040442751 0.04076368 0.041106181 0.041981564 0.042220835 0.042478028 0.043130633 0.043264902 0.042985085 0.04304694 0.043334493 0.043773395 0.044288498 0.044851007 0.045850439 0.047841113 0.049887921 0.050287174 0.047992114 0.046193355 0.04442331 0.044055525 0.044544574 0.050932418 0.052692266 0.047252069 0.046304499 0.044530854 0.044360899 0.047392607 0.048772569 0.049608849 0.049201489 0.048789802 0.049203126 0.049754462 0.050537988 0.051158362 0.050602906 0.050675025 0.05188071 0.053340466 0.051197607 0.050592501 0.050485637 0.051396917 0.050127582 0.04946174 0.052108689 0.052805657
0.045749752 0.049606672 0.05089267 0.050907248 0.050669705 0.05102972 0.043554181 0.042103893 0.042518345 0.043334662 0.047160656 0.048572088 0.049103976 0.045369689 0.044371145 0.044074907 0.043894985 0.043854739 0.043880441 0.043984101 0.04450698 0.045468219 0.046003453 0.046088847 0.04591637 0.044867976 0.04308369 0.041956956 0.042433817 0.043362118 0.050874042 0.052262709 0.050644317 0.04789289 0.047253935 0.045879625 0.048969418 0.050083349 0.049343065 0.049357246 0.049564757 0.049954703 0.050334386 0.050691637 0.050252316 0.049127169 0.05018721 0.053549033 0.055415558 0.054336402 0.052338929 0.051705437 0.049478299 0.050924245 0.052926994 0.053442679 0.053817237
0.050648906 0.053004364 0.053349365 0.05285336 0.054777476 0.052653882 0.048136022 0.043745099 0.043985037 0.047335952 0.052275078 0.051854493 0.049743897 0.046536307 0.045909324 0.045747514 0.044800575 0.044414736 0.044366219 0.044313475 0.044552954 0.044952345 0.045088173 0.045018293 0.044898583 0.044621899 0.043423779 0.043150656 0.042128805 0.043291853 0.049518362 0.051023393 0.051297007 0.053962901 0.046868365 0.045847361 0.049295441 0.049722323 0.049145981 0.049181366 0.049390583 0.049934184 0.05057026 0.050779661 0.049529956 0.048203739 0.050115555 0.052647551 0.054878602 0.053971918 0.052955458 0.052736911 0.051668327 0.052252417 0.05448942 0.057314945 0.053049496
0.054083384 0.053079753 0.053350388 0.05418864 0.052665105 0.053021315 0.053896132 0.049731992 0.050397961 0.051764584 0.055327249 0.055156764 0.053038185 0.05142797 0.051977585 0.052087928 0.047712084 0.04508385 0.044753267 0.044964518 0.044967825 0.044778362 0.044785033 0.044970247 0.044844316 0.044592282 0.04405094 0.043011163 0.041670918 0.042397323 0.045711834 0.047855432 0.050966744 0.049123165 0.045576787 0.045790676 0.049182731 0.049892236 0.049514689 0.049265936 0.049688006 0.050146523 0.0506543 0.050483013 0.04877399 0.047508467 0.049590281 0.053042948 0.053904179 0.05330019 0.054903921 0.051505607 0.057354606 0.053045383 0.054452616 0.054134073 0.054549712
0.055469116 0.054545525 0.055500602 0.055741291 0.054989019 0.055248187 0.055774589 0.053321391 0.05630402 0.05486149 0.055633656 0.057507146 0.057311046 0.055551827 0.056748842 0.056624743 0.053456839 0.047908411 0.045361048 0.045081014 0.045112986 0.045247038 0.045042552 0.044661845 0.044902226 0.044604029 0.044216932 0.043731996 0.044021001 0.042610161 0.043416905 0.048050769 0.056420381 0.056339676 0.047286889 0.047571041 0.048692595 0.048555696 0.049152575 0.050423605 0.051054488 0.051080901 0.050584924 0.050262795 0.04909166 0.047697262 0.049588909 0.053756407 0.054820474 0.052900864 0.05423705 0.051219268 0.054641263 0.055269671 0.053418694 0.055199264 0.056379413
0.052501776 0.053415058 0.051988974 0.050507242 0.050378534 0.049432752 0.049776982 0.053459399 0.055817945 0.055227392 0.057781195 0.058811863 0.057653248 0.056824908 0.058337253 0.056780156 0.055364524 0.049730034 0.045985027 0.045275951 0.045164404 0.04536173 0.045612104 0.045087972 0.044436354 0.04392662 0.043426642 0.043217756 0.044139273 0.043409018 0.044018335 0.046515058 0.048841861 0.050076565 0.048011211 0.046442346 0.045746247 0.046412108 0.048692537 0.049796584 0.050410233 0.051571733 0.051076318 0.050783057 0.049920425 0.048268838 0.049180587 0.051300989 0.052185057 0.051951777 0.050444137 0.049512224 0.049748472 0.05362918 0.053702279 0.054751898 0.054825198
0.050888936 0.05119903 0.049244871 0.047719031 0.047560278 0.047071389 0.046153237 0.048177402 0.055556437 0.057772185 0.058981713 0.058149886 0.057652019 0.058291621 0.058173846 0.053869075 0.052140164 0.049725639 0.047079335 0.04589738 0.045895841 0.046619855 0.047305507 0.046786551 0.045138307 0.044214786 0.043850127 0.043894472 0.043223693 0.043759249 0.04383978 0.043112614 0.044911432 0.046397856 0.045330095 0.04461467 0.044612604 0.045693831 0.048463178 0.048587811 0.049624119 0.051456269 0.05188167 0.050922768 0.049855544 0.049358265 0.049603933 0.050083025 0.050887332 0.051157944 0.049129851 0.04946575 0.05104631 0.052607383 0.05375137 0.051375539 0.050247259
0.050464096 0.052783326 0.058375005 0.055551357 0.053292786 0.053483838 0.046994378 0.046652544 0.049226364 0.050382532 0.052702997 0.053101517 0.05772639 0.058245425 0.058078443 0.051650936 0.050364833 0.049410531 0.047693995 0.047511945 0.048173705 0.04805441 0.047542908 0.047133108 0.045963129 0.045269573 0.044712858 0.044307599 0.043209486 0.043402713 0.043728763 0.043583671 0.045059301 0.043687232 0.04548465 0.045014225 0.044347445 0.045472548 0.048034787 0.049133368 0.049966097 0.051832321 0.052643503 0.050703687 0.049250831 0.050219141 0.051388955 0.051712777 0.052193176 0.052164913 0.049792549 0.049533759 0.052765924 0.052165947 0.055117637 0.053589293 0.047269641
0.051124204 0.05319381 0.059716309 0.059647327 0.056777567 0.056762166 0.052030432 0.047089295 0.047048363 0.047201169 0.048113406 0.047819283 0.050770569 0.052810891 0.054088332 0.053326774 0.052630129 0.05277086 0.050054719 0.049148482 0.049041195 0.048414224 0.048025957 0.046871226 0.046708428 0.046961172 0.045027834 0.044249503 0.043192361 0.04306091 0.043908399 0.044467362 0.043412037 0.044830863 0.045580836 0.046400975 0.044159388 0.046907776 0.047142243 0.048447573 0.048898312 0.050536736 0.051977118 0.051185568 0.049433374 0.049717248 0.051070995 0.050954652 0.052177575 0.054783003 0.052045424 0.054370353 0.05286798 0.051794796 0.052866931 0.049156018 0.048076934
0.056068349 0.05392828 0.060801933 0.062603168 0.059699754 0.062492037 0.054840124 0.047736209 0.046746543 0.047157257 0.04652069 0.047073988 0.046975041 0.04977598 0.049524417 0.050598725 0.049960823 0.053971723 0.054507015 0.052611847 0.050037344 0.048162808 0.048026207 0.047624134 0.046508312 0.046856529 0.046810631 0.044242762 0.04435024 0.044216455 0.043299224 0.043445003 0.04502128 0.044450909 0.044600814 0.046985771 0.044275513 0.045320426 0.045845637 0.047585531 0.048155765 0.049039227 0.050411011 0.049818186 0.048658113 0.049083199 0.050175432 0.050493777 0.051321128 0.053264641 0.055859566 0.056731979 0.055054697 0.050313795 0.049761363 0.047325526 0.048513179
0.060529768 0.059726064 0.062946498 0.066206494 0.063218825 0.064783212 0.058103346 0.055446784 0.059204968 0.053129969 0.0487089 0.048851129 0.048066196 0.04841555 0.048007629 0.048069152 0.047600833 0.050585429 0.052284002 0.054265448 0.051550934 0.047778562 0.047275468 0.046593272 0.046225667 0.046677243 0.04655581 0.04593917 0.04571492 0.044758605 0.044544805 0.043877555 0.04512686 0.044990175 0.0456054 0.044921267 0.046680967 0.044812092 0.045989435 0.04825724 0.048046707 0.048714382 0.048694843 0.04833996 0.04852255 0.0497947 0.051082825 0.051408964 0.051663163 0.052537125 0.054842867 0.051288811 0.051224416 0.049022339 0.048934024 0.048539998 0.050827576
0.061999923 0.061452726 0.063280936 0.065820163 0.064061263 0.055950578 0.052224872 0.053071456 0.064069176 0.064698042 0.067436975 0.064484559 0.051071241 0.049257886 0.047599437 0.047617409 0.047511773 0.048044489 0.048839078 0.050094403 0.049468354 0.047516445 0.046578872 0.046178796 0.046233353 0.046511254 0.046724782 0.046424248 0.047367614 0.047047157 0.045650959 0.046261698 0.04535622 0.045320054 0.046285058 0.04542611 0.045468479 0.045981366 0.047036272 0.047962848 0.048201946 0.048554601 0.0476232 0.048411376 0.048829024 0.048952684 0.049429173 0.049514 0.049602932 0.049817787 0.050625889 0.049131183 0.049580918 0.049231926 0.048326331 0.0481223 0.049855815
0.06321358 0.064424366 0.068022891 0.068924777 0.06685845 0.05568155 0.05179056 0.051165858 0.054848908 0.063000958 0.071724636 0.068637102 0.06788071 0.057400549 0.050158369 0.047958563 0.047777797 0.047574054 0.047469314 0.048624966 0.048668772 0.047881853 0.047420251 0.047036871 0.046876334 0.047807769 0.049151344 0.050127527 0.05570836 0.056524792 0.055654643 0.054778932 0.056085597 0.051358662 0.05289223 0.051565136 0.04673352 0.047242669 0.047237801 0.04816638 0.047569744 0.047725679 0.048752169 0.048849195 0.048295183 0.048202767 0.048479767 0.048468253 0.048550908 0.048324907 0.049077799 0.050547533 0.051411141 0.052069623 0.050635502 0.050641783 0.050375649
0.062509944 0.064980346 0.069657253 0.070644649 0.068251939 0.069297855 0.062943661 0.055115059 0.055553546 0.055235569 0.059022848 0.059171598 0.072122572 0.065937891 0.055901178 0.052566991 0.048791604 0.047608381 0.047054659 0.047602376 0.047877066 0.048557576 0.049396687 0.049362697 0.049167616 0.048761639 0.04947203 0.050026049 0.052719749 0.060265384 0.058691624 0.058231447 0.061526459 0.060003383 0.059693414 0.056740964 0.055680403 0.048673689 0.046987814 0.047237501 0.046879611 0.047151159 0.048243822 0.048131609 0.047711155 0.047802218 0.048248477 0.048697081 0.048740265 0.048613062 0.049043227 0.049577264 0.049181751 0.050369585 0.049943993 0.049618064 0.047980961
0.060950037 0.064084976 0.069932097 0.070661376 0.067026922 0.067936217 0.064301181 0.05964764 0.059749066 0.063954158 0.055773411 0.053846335 0.056250662 0.055770554 0.055930579 0.057285779 0.052797598 0.048824073 0.04738412 0.047192115 0.047530651 0.048106778 0.049081122 0.050044306 0.049711907 0.049008921 0.049335634 0.049421745 0.049816178 0.054398697 0.062066105 0.066642308 0.063029769 0.05950273 0.05850208 0.055808334 0.052245867 0.047881491 0.046674976 0.046834364 0.046313917 0.047038038 0.047509693 0.047468841 0.047846678 0.047802838 0.047819736 0.048236166 0.048356542 0.048518664 0.048062221 0.048800511 0.048938693 0.049397371 0.049303095 0.049040713 0.048587601
0.061098306 0.063445455 0.065243704 0.068108349 0.072457557 0.077732005 0.067416049 0.062049695 0.062817009 0.066001731 0.071301854 0.054962688 0.050545808 0.050083342 0.052577447 0.05264487 0.056779473 0.05258321 0.04883536 0.047626884 0.048015515 0.048221346 0.048947801 0.054531714 0.05883168 0.05111615 0.050513499 0.05012115 0.050853117 0.052490204 0.06193049 0.068218032 0.062976855 0.059911779 0.05010812 0.049387921 0.047727023 0.046184602 0.04557598 0.050318697 0.047490245 0.047642666 0.047452969 0.047387597 0.048076103 0.048133184 0.048198597 0.048731702 0.048951449 0.048751367 0.047861841 0.04839293 0.048998915 0.04819626 0.048924683 0.047636053 0.04770258
0.062696112 0.063469946 0.064233244 0.067020168 0.074135401 0.079360431 0.079520958 0.07498133 0.068893128 0.068328965 0.06862429 0.066381622 0.054186534 0.050407783 0.050990017 0.051113063 0.054970213 0.056316629 0.053092377 0.049569243 0.048700289 0.048580655 0.049262625 0.055809577 0.064100494 0.062325821 0.053235639 0.053562446 0.059107908 0.059180882 0.063251563 0.066850879 0.053598434 0.052834085 0.047656061 0.046308354 0.04622705 0.045151444 0.04601077 0.046965631 0.047391987 0.047957991 0.047701488 0.047586861 0.04789189 0.04799521 0.048548407 0.049144778 0.049147741 0.049240318 0.048732779 0.048491713 0.049039257 0.048029537 0.049031615 0.047456564 0.048538186
0.063851076 0.062941547 0.063815094 0.065935551 0.0707219 0.074058889 0.075712427 0.077481913 0.082507625 0.068206507 0.065217751 0.064524174 0.065054487 0.05791461 0.061684949 0.054535622 0.051281829 0.052054159 0.053652813 0.050081957 0.048535343 0.048411251 0.049206175 0.054695319 0.062717964 0.06500844 0.063637839 0.063882785 0.063218853 0.064482639 0.059997263 0.053812701 0.048256002 0.047911728 0.046988645 0.046254151 0.045687285 0.045408895 0.045666781 0.045859807 0.046384114 0.046934556 0.047706445 0.047943936 0.047849119 0.048029372 0.048720137 0.049171445 0.048980207 0.048836245 0.048988156 0.049256914 0.048917635 0.048887466 0.048277265 0.047948104 0.04915871
0.06543231 0.064521019 0.064432435 0.065808828 0.066232539 0.068083583 0.073132788 0.081987487 0.078093429 0.079386805 0.073495531 0.073449708 0.065096542 0.062645522 0.062076736 0.05869515 0.050144766 0.049480384 0.052531289 0.049949832 0.048558694 0.048685846 0.049316904 0.051609103 0.055250545 0.05770381 0.056467448 0.055100215 0.05402469 0.053861089 0.051068803 0.049193617 0.047486988 0.049243143 0.048768502 0.046578726 0.045157936 0.045545185 0.046058007 0.046706019 0.047172292 0.04789364 0.048412747 0.048043962 0.048095079 0.048721578 0.049423946 0.049775945 0.049426118 0.048810818 0.049128914 0.049635733 0.049704822 0.049993181 0.048924534 0.049308782 0.048243823
0.067270554 0.066402933 0.066636637 0.068195378 0.064848534 0.06480454 0.066939205 0.067860967 0.068048569 0.06693387 0.065986274 0.066793695 0.055550333 0.053250603 0.053258165 0.051743419 0.049437649 0.048563972 0.050650283 0.049904771 0.048470981 0.048603053 0.049039803 0.051443294 0.053628225 0.051854977 0.050853768 0.050141881 0.049639376 0.048660944 0.048031676 0.048128141 0.047598893 0.048425614 0.048139114 0.048680892 0.046084416 0.046387871 0.046313447 0.046901375 0.047637072 0.047740924 0.048537367 0.048716748 0.04876603 0.049533418 0.050197496 0.050368717 0.050070677 0.049603189 0.049764028 0.050419102 0.050271322 0.050757239 0.04941307 0.050182691 0.048638096
0.068318604 0.068046487 0.067612466 0.069023556 0.065447019 0.063220146 0.063604168 0.061865763 0.062045404 0.06051398 0.063143822 0.060723409 0.055677651 0.050305519 0.053098532 0.049523111 0.048237074 0.048132455 0.049065248 0.048866208 0.048282356 0.048209483 0.048839451 0.05045889 0.051104928 0.049922813 0.04944025 0.048767318 0.048398641 0.048285966 0.047985347 0.047810407 0.046532111 0.046509814 0.047163474 0.048719582 0.048286581 0.047206579 0.046132835 0.046212001 0.047002161 0.047802743 0.048459437 0.0497023 0.050147753 0.049983093 0.05006042 0.050179201 0.050282914 0.050305243 0.05017515 0.050638837 0.05131968 0.050902909 0.050254722 0.051164947 0.050278598
0.070124791 0.069995396 0.068908124 0.069015192 0.069108349 0.065968748 0.063611428 0.060801487 0.061645146 0.062524863 0.060647879 0.060414033 0.059190322 0.05735161 0.052264072 0.051063154 0.051418433 0.048891294 0.04894317 0.049150061 0.049045939 0.048569426 0.049025524 0.049784906 0.049749995 0.049444917 0.049315772 0.048925081 0.049000406 0.049698016 0.04873115 0.048420944 0.047053935 0.047699398 0.046635137 0.050145709 0.049758462 0.048460361 0.049559674 0.047512278 0.047604611 0.049418735 0.050130844 0.050649205 0.050682547 0.050783188 0.050555616 0.050384449 0.050923735 0.05151762 0.051520213 0.052235663 0.052713559 0.052171918 0.053053259 0.052592588 0.052446764
0.071512849 0.072151898 0.071632916 0.069850167 0.070801664 0.067535986 0.065960323 0.063844315 0.068116368 0.065676222 0.062330311 0.064844591 0.065186365 0.058251507 0.05352986 0.051078813 0.053104496 0.052468015 0.050779924 0.049999541 0.049937285 0.049294619 0.049555609 0.050157327 0.050042009 0.050083121 0.050811713 0.051354416 0.052943452 0.056900174 0.056750291 0.053070215 0.05220373 0.053129468 0.04890012 0.053685444 0.051030386 0.052471899 0.051283544 0.050386845 0.051093129 0.050878046 0.051446877 0.051933907 0.051705333 0.051987722 0.051731592 0.051559124 0.051945109 0.052441241 0.052883154 0.053302 0.055015702 0.058247828 0.05823857 0.059314093 0.054246758
0.071696077 0.072946765 0.073464703 0.071808813 0.069950005 0.067502329 0.066042139 0.067015754 0.066483459 0.065376426 0.06774006 0.064247979 0.056233611 0.056550538 0.052203581 0.050326405 0.052322031 0.052245134 0.05210322 0.052101716 0.051812609 0.050037622 0.050065093 0.050966442 0.051111777 0.051597339 0.054130013 0.057873843 0.058447892 0.058494925 0.057647629 0.05445928 0.05506712 0.054014561 0.051649135 0.05339033 0.052594845 0.054079762 0.053840803 0.051549379 0.052705236 0.054331271 0.055414681 0.055653633 0.053858002 0.0533301 0.053080086 0.052952707 0.053359111 0.053797577 0.053900373 0.055006913 0.058700224 0.061424591 0.062372612 0.06154214 0.058862762
0.07188259 0.072691453 0.073227155 0.070161309 0.066883231 0.063191948 0.068344714 0.066502918 0.068043548 0.062427548 0.060489493 0.058534835 0.057193176 0.053060817 0.050534278 0.050067847 0.051811833 0.051956907 0.052230685 0.052022732 0.052576631 0.052100395 0.051752653 0.054018418 0.056027312 0.056201062 0.057613058 0.06056508 0.06031987 0.057653456 0.05861464 0.055893427 0.055093353 0.055144722 0.05625037 0.054279843 0.053861847 0.053415378 0.053055617 0.055140504 0.054302766 0.057080609 0.058748564 0.057532936 0.055494056 0.054858337 0.054470097 0.054587652 0.054925151 0.055424386 0.056318413 0.058569521 0.063562157 0.066902604 0.066945403 0.068665778 0.065351532
