landslides_training_model/shapes/shapes_exact_point/logistic_regression_suc.tif
NCOLS 441
NROWS 451
XLLCORNER -92.213079
YLLCORNER 13.747265
DX 0.0090151111
DY 0.0090031242
NODATA_VALUE -9999
[rows 100 to 124 of 451, columns 0 to 56 of 441]
0.29282087 0.29232923 0.29183018 0.29132362 0.29080943 0.29028751 0.28975775 0.28922005 0.28867428 0.28812034 0.28755811 0.28698747 0.28640831 0.2858205 0.28522392 0.28461846 0.28400397 0.28338035 0.28274745 0.28210515 0.28145332 0.28079183 0.28012053 0.27943931 0.27874801 0.2780465 0.27733463 0.27661228 0.27587929 0.27513553 0.27438084 0.27361508 0.2728381 0.27204977 0.27124992 0.27043841 0.26961509 0.26877981 0.26793242 0.26707276 0.2662007 0.26531607 0.26441873 0.26350853 0.26258532 0.26164894 0.26069926 0.25973612 0.25875939 0.25776891 0.25676455 0.25574618 0.25471364 0.25366681 0.25260557 0.25152977 0.2504393
0.29368875 0.29320245 0.29270877 0.2922076 0.29169885 0.29118239 0.29065814 0.29012596 0.28958576 0.28903742 0.28848082 0.28791585 0.28734239 0.28676031 0.2861695 0.28556984 0.28496119 0.28434344 0.28371644 0.28308009 0.28243423 0.28177875 0.28111351 0.28043836 0.27975318 0.27905782 0.27835215 0.27763602 0.2769093 0.27617184 0.27542349 0.27466411 0.27389355 0.27311167 0.27231832 0.27151335 0.27069661 0.26986796 0.26902724 0.2681743 0.267309 0.26643118 0.26554071 0.26463742 0.26372117 0.26279181 0.26184921 0.26089321 0.25992368 0.25894047 0.25794345 0.25693247 0.25590742 0.25486815 0.25381453 0.25274646 0.25166379
0.29456307 0.29408219 0.29359397 0.2930983 0.29259508 0.29208419 0.29156553 0.291039 0.29050446 0.28996183 0.28941097 0.28885177 0.28828412 0.2877079 0.28712297 0.28652923 0.28592654 0.28531477 0.28469381 0.28406352 0.28342377 0.28277443 0.28211536 0.28144643 0.2807675 0.28007843 0.27937909 0.27866933 0.27794901 0.27721799 0.27647612 0.27572327 0.27495928 0.274184 0.2733973 0.27259902 0.27178902 0.27096714 0.27013324 0.26928718 0.26842879 0.26755795 0.26667448 0.26577826 0.26486914 0.26394697 0.2630116 0.2620629 0.26110072 0.26012494 0.2591354 0.25813199 0.25711456 0.25608299 0.25503717 0.25397695 0.25290224
0.29544376 0.29496841 0.29448574 0.29399567 0.29349807 0.29299285 0.29247989 0.29195909 0.29143033 0.29089351 0.2903485 0.28979519 0.28923346 0.2886632 0.28808427 0.28749656 0.28689995 0.2862943 0.28567949 0.28505539 0.28442186 0.28377879 0.28312602 0.28246344 0.28179089 0.28110825 0.28041537 0.27971211 0.27899834 0.27827391 0.27753867 0.27679248 0.2760352 0.27526668 0.27448677 0.27369533 0.27289221 0.27207726 0.27125034 0.2704113 0.26955999 0.26869626 0.26781997 0.26693097 0.26602913 0.26511429 0.26418631 0.26324506 0.2622904 0.26132218 0.26034029 0.25934458 0.25833493 0.25731122 0.25627332 0.25522112 0.2541545
0.29633078 0.29586104 0.29538403 0.29489964 0.29440776 0.2939083 0.29340115 0.29288619 0.29236331 0.2918324 0.29129335 0.29074603 0.29019034 0.28962615 0.28905333 0.28847178 0.28788135 0.28728194 0.2866734 0.28605561 0.28542844 0.28479176 0.28414543 0.28348932 0.28282329 0.28214721 0.28146093 0.28076431 0.28005722 0.27933951 0.27861104 0.27787166 0.27712124 0.27635961 0.27558665 0.2748022 0.27400611 0.27319824 0.27237844 0.27154658 0.27070249 0.26984603 0.26897706 0.26809544 0.26720103 0.26629367 0.26537323 0.26443958 0.26349258 0.26253209 0.26155798 0.26057013 0.2595684 0.25855268 0.25752285 0.25647879 0.2554204
0.29722407 0.29676003 0.29628876 0.29581015 0.2953241 0.2948305 0.29432925 0.29382022 0.29330333 0.29277844 0.29224545 0.29170424 0.29115469 0.29059668 0.29003009 0.2894548 0.28887069 0.28827763 0.28767548 0.28706413 0.28644344 0.28581328 0.28517351 0.284524 0.28386462 0.28319523 0.28251568 0.28182584 0.28112557 0.28041472 0.27969316 0.27896074 0.2782173 0.27746272 0.27669685 0.27591953 0.27513062 0.27432998 0.27351745 0.27269291 0.27185619 0.27100715 0.27014566 0.26927156 0.26838472 0.267485 0.26657226 0.26564635 0.26470715 0.26375453 0.26278835 0.26180849 0.26081483 0.25980724 0.25878561 0.25774984 0.2566998
0.29812356 0.29766532 0.29719988 0.29672715 0.29624701 0.29575937 0.29526412 0.29476114 0.29425032 0.29373156 0.29320474 0.29266974 0.29212644 0.29157473 0.29101448 0.29044557 0.28986789 0.28928129 0.28868566 0.28808086 0.28746677 0.28684326 0.28621018 0.2855674 0.2849148 0.28425223 0.28357955 0.28289662 0.28220331 0.28149946 0.28078494 0.28005961 0.27932332 0.27857592 0.27781727 0.27704723 0.27626565 0.27547238 0.27466727 0.2738502 0.273021 0.27217953 0.27132566 0.27045923 0.26958012 0.26868817 0.26778326 0.26686525 0.265934 0.26498938 0.26403128 0.26305955 0.26207409 0.26107476 0.26006147 0.2590341 0.25799254
0.29902921 0.29857685 0.29811734 0.29765057 0.29717645 0.29669486 0.2962057 0.29570886 0.29520423 0.2946917 0.29417115 0.29364246 0.29310552 0.29256022 0.29200642 0.29144401 0.29087287 0.29029286 0.28970386 0.28910574 0.28849837 0.28788162 0.28725536 0.28661945 0.28597375 0.28531813 0.28465245 0.28397657 0.28329034 0.28259364 0.2818863 0.2811682 0.28043919 0.27969911 0.27894784 0.27818522 0.2774111 0.27662535 0.27582781 0.27501835 0.27419681 0.27336306 0.27251695 0.27165834 0.27078709 0.26990307 0.26900614 0.26809616 0.267173 0.26623653 0.26528663 0.26432317 0.26334604 0.26235511 0.26135028 0.26033144 0.25929848
0.29994093 0.29949455 0.29904105 0.29858035 0.29811233 0.29763689 0.29715393 0.29666333 0.29616498 0.29565878 0.2951446 0.29462234 0.29409187 0.29355308 0.29300585 0.29245004 0.29188555 0.29131225 0.29073 0.29013868 0.28953815 0.2889283 0.28830897 0.28768005 0.28704138 0.28639285 0.2857343 0.28506559 0.28438659 0.28369716 0.28299715 0.28228642 0.28156482 0.28083221 0.28008845 0.27933339 0.27856688 0.27778879 0.27699896 0.27619725 0.27538352 0.27455763 0.27371943 0.27286878 0.27200554 0.27112959 0.27024077 0.26933896 0.26842402 0.26749584 0.26655428 0.26559922 0.26463055 0.26364814 0.2626519 0.26164171 0.26061747
0.30085868 0.30041836 0.29997097 0.29951642 0.2990546 0.2985854 0.29810873 0.29762446 0.2971325 0.29663273 0.29612503 0.29560929 0.2950854 0.29455323 0.29401267 0.29346359 0.29290587 0.29233938 0.291764 0.29117959 0.29058603 0.28998319 0.28937093 0.28874912 0.28811762 0.28747629 0.286825 0.28616361 0.28549197 0.28480994 0.28411739 0.28341416 0.28270012 0.28197512 0.28123901 0.28049165 0.2797329 0.2789626 0.27818062 0.27738682 0.27658104 0.27576314 0.27493299 0.27409044 0.27323536 0.2723676 0.27148704 0.27059354 0.26968697 0.2687672 0.26783411 0.26688758 0.26592749 0.26495373 0.26396619 0.26296477 0.26194936
0.30178239 0.30134821 0.30090702 0.30045871 0.30000317 0.29954031 0.29907002 0.29859219 0.29810671 0.29761347 0.29711236 0.29660325 0.29608604 0.2955606 0.29502682 0.29448457 0.29393373 0.29337417 0.29280577 0.2922284 0.29164193 0.29104622 0.29044115 0.28982658 0.28920237 0.28856838 0.28792448 0.28727053 0.28660638 0.28593189 0.28524693 0.28455135 0.283845 0.28312774 0.28239942 0.2816599 0.28090904 0.28014669 0.2793727 0.27858693 0.27778924 0.27697949 0.27615752 0.27532322 0.27447642 0.27361701 0.27274483 0.27185978 0.2709617 0.27005048 0.26912599 0.26818812 0.26723674 0.26627174 0.26529303 0.26430049 0.26329402
0.30271198 0.30228404 0.30184912 0.30140714 0.30095799 0.30050156 0.30003775 0.29956645 0.29908755 0.29860093 0.2981065 0.29760413 0.2970937 0.2965751 0.29604821 0.2955129 0.29496905 0.29441654 0.29385524 0.29328502 0.29270575 0.2921173 0.29151954 0.29091233 0.29029553 0.28966901 0.28903263 0.28838625 0.28772972 0.28706291 0.28638568 0.28569787 0.28499935 0.28428997 0.28356958 0.28283805 0.28209521 0.28134094 0.28057508 0.2797975 0.27900804 0.27820656 0.27739292 0.27656699 0.27572863 0.27487769 0.27401404 0.27313756 0.2722481 0.27134556 0.2704298 0.2695007 0.26855815 0.26760204 0.26663227 0.26564872 0.2646513
0.30364738 0.30322576 0.30279721 0.30236165 0.30191897 0.30146906 0.30101182 0.30054714 0.30007492 0.29959503 0.29910738 0.29861184 0.2981083 0.29759665 0.29707675 0.29654849 0.29601175 0.2954664 0.29491231 0.29434936 0.29377741 0.29319634 0.29260601 0.29200628 0.29139702 0.29077809 0.29014936 0.28951068 0.28886191 0.28820291 0.28753353 0.28685363 0.28616308 0.28546171 0.28474939 0.28402597 0.28329131 0.28254526 0.28178767 0.2810184 0.28023731 0.27944425 0.27863908 0.27782166 0.27699185 0.27614953 0.27529454 0.27442676 0.27354607 0.27265232 0.27174541 0.27082522 0.26989162 0.26894451 0.26798378 0.26700933 0.26602106
0.30458853 0.30417331 0.30375121 0.30332216 0.30288603 0.30244273 0.30199215 0.30153419 0.30106874 0.30059568 0.30011491 0.29962631 0.29912976 0.29862515 0.29811236 0.29759126 0.29706173 0.29652365 0.29597689 0.29542132 0.29485681 0.29428323 0.29370045 0.29310833 0.29250674 0.29189553 0.29127457 0.29064372 0.29000283 0.28935177 0.28869038 0.28801853 0.28733608 0.28664286 0.28593875 0.28522358 0.28449723 0.28375953 0.28301035 0.28224953 0.28147695 0.28069244 0.27989587 0.27908711 0.278266 0.27743241 0.27658622 0.27572727 0.27485546 0.27397065 0.27307271 0.27216154 0.271237 0.270299 0.26934743 0.26838219 0.26740317
0.30553534 0.3051266 0.30471105 0.30428858 0.3038591 0.3034225 0.30297868 0.30252753 0.30206894 0.3016028 0.30112901 0.30064744 0.30015799 0.29966053 0.29915494 0.2986411 0.2981189 0.2975882 0.29704888 0.29650081 0.29594385 0.29537789 0.29480278 0.29421839 0.29362458 0.29302122 0.29240816 0.29178526 0.29115239 0.2905094 0.28985614 0.28919247 0.28851824 0.28783331 0.28713754 0.28643076 0.28571285 0.28498365 0.28424301 0.28349079 0.28272685 0.28195103 0.2811632 0.28036322 0.27955094 0.27872623 0.27788895 0.27703898 0.27617617 0.27530041 0.27441157 0.27350954 0.27259418 0.27166541 0.2707231 0.26976716 0.2687975
0.30648775 0.30608557 0.30567663 0.30526084 0.30483809 0.30440828 0.3039713 0.30352705 0.30307542 0.3026163 0.30214958 0.30167515 0.30119289 0.30070268 0.3002044 0.29969794 0.29918316 0.29865995 0.29812818 0.29758772 0.29703844 0.29648021 0.29591289 0.29533635 0.29475045 0.29415506 0.29355002 0.29293521 0.29231048 0.29167569 0.29103068 0.29037532 0.28970946 0.28903296 0.28834565 0.28764741 0.28693808 0.2862175 0.28548555 0.28474206 0.28398689 0.2832199 0.28244095 0.28164988 0.28084657 0.28003087 0.27920264 0.27836176 0.27750809 0.2766415 0.27576188 0.2748691 0.27396304 0.2730436 0.27211066 0.27116413 0.27020392
0.30744566 0.30705013 0.30664789 0.30623886 0.30582292 0.30539998 0.30496994 0.30453268 0.3040881 0.30363609 0.30317654 0.30270934 0.30223436 0.30175151 0.30126065 0.30076166 0.30025442 0.29973881 0.2992147 0.29868197 0.29814047 0.29759009 0.29703068 0.29646211 0.29588424 0.29529693 0.29470005 0.29409345 0.29347699 0.29285053 0.29221391 0.29156699 0.29090963 0.29024168 0.28956299 0.28887341 0.28817279 0.28746098 0.28673784 0.28600322 0.28525697 0.28449894 0.28372899 0.28294698 0.28215277 0.2813462 0.28052716 0.2796955 0.27885109 0.2779938 0.27712351 0.2762401 0.27534345 0.27443345 0.27350999 0.27257297 0.2716223
0.30840899 0.30802019 0.30762474 0.30722254 0.3068135 0.30639752 0.30597449 0.30554431 0.30510687 0.30466207 0.30420978 0.30374991 0.30328232 0.30280692 0.30232357 0.30183217 0.30133257 0.30082467 0.30030833 0.29978343 0.29924984 0.29870741 0.29815603 0.29759555 0.29702583 0.29644674 0.29585814 0.29525988 0.29465181 0.2940338 0.2934057 0.29276736 0.29211864 0.29145937 0.29078943 0.29010864 0.28941688 0.28871397 0.28799979 0.28727417 0.28653697 0.28578804 0.28502723 0.28425441 0.28346942 0.28267213 0.28186239 0.28104008 0.28020505 0.27935718 0.27849635 0.27762242 0.27673529 0.27583484 0.27492097 0.27399356 0.27305252
0.30937768 0.30899567 0.30860708 0.3082118 0.30780975 0.30740081 0.30698488 0.30656187 0.30613166 0.30569414 0.30524922 0.30479676 0.30433666 0.30386881 0.30339308 0.30290936 0.30241751 0.30191742 0.30140897 0.30089201 0.30036643 0.29983208 0.29928884 0.29873657 0.29817512 0.29760437 0.29702416 0.29643437 0.29583483 0.29522541 0.29460595 0.29397632 0.29333636 0.29268592 0.29202485 0.291353 0.29067022 0.28997636 0.28927126 0.28855478 0.28782677 0.28708707 0.28633554 0.28557204 0.28479641 0.28400852 0.28320822 0.28239538 0.28156986 0.28073154 0.27988028 0.27901596 0.27813846 0.27724766 0.27634347 0.27542577 0.27449446
0.31035162 0.30997649 0.30959483 0.30920655 0.30881156 0.30840974 0.308001 0.30758524 0.30716235 0.30673222 0.30629474 0.3058498 0.30539728 0.30493708 0.30446906 0.30399312 0.30350913 0.30301696 0.30251649 0.30200759 0.30149013 0.30096397 0.30042899 0.29988504 0.29933199 0.2987697 0.29819802 0.2976168 0.29702592 0.29642521 0.29581454 0.29519374 0.29456268 0.29392119 0.29326914 0.29260636 0.2919327 0.29124802 0.29055215 0.28984494 0.28912625 0.28839592 0.28765381 0.28689976 0.28613363 0.28535527 0.28456454 0.2837613 0.28294542 0.28211675 0.28127518 0.28042058 0.27955282 0.2786718 0.27777739 0.27686949 0.27594801
0.31133072 0.31096254 0.3105879 0.3102067 0.30981884 0.30942423 0.30902276 0.30861434 0.30819885 0.30777619 0.30734624 0.30690891 0.30646407 0.30601161 0.30555141 0.30508335 0.30460731 0.30412317 0.30363079 0.30313005 0.30262083 0.30210298 0.30157637 0.30104086 0.30049632 0.2999426 0.29937957 0.29880707 0.29822497 0.2976331 0.29703133 0.29641951 0.29579747 0.29516508 0.29452217 0.2938686 0.2932042 0.29252883 0.29184232 0.29114453 0.2904353 0.28971448 0.28898191 0.28823745 0.28748095 0.28671225 0.28593122 0.28513771 0.28433159 0.28351271 0.28268095 0.28183618 0.28097828 0.28010713 0.27922261 0.27832461 0.27741304
0.31231491 0.31195375 0.31158619 0.31121214 0.3108315 0.31044418 0.31005006 0.30964905 0.30924105 0.30882594 0.30840363 0.30797399 0.30753691 0.30709229 0.30664 0.30617993 0.30571194 0.30523593 0.30475175 0.30425928 0.3037584 0.30324897 0.30273084 0.3022039 0.30166798 0.30112297 0.3005687 0.30000504 0.29943184 0.29884895 0.29825622 0.29765349 0.29704062 0.29641745 0.29578383 0.29513959 0.29448459 0.29381867 0.29314167 0.29245343 0.2917538 0.29104262 0.29031973 0.289585 0.28883825 0.28807936 0.28730815 0.2865245 0.28572827 0.2849193 0.28409747 0.28326265 0.28241472 0.28155354 0.28067901 0.27979102 0.27888946
0.31330408 0.31295002 0.31258962 0.31222279 0.31184944 0.31146947 0.31108279 0.31068928 0.31028884 0.30988138 0.30946677 0.30904492 0.30861571 0.30817902 0.30773473 0.30728274 0.3068229 0.30635512 0.30587924 0.30539516 0.30490272 0.30440182 0.30389229 0.30337402 0.30284686 0.30231066 0.30176529 0.30121059 0.30064642 0.30007262 0.29948906 0.29889557 0.29829199 0.29767818 0.29705397 0.29641922 0.29577375 0.29511742 0.29445005 0.2937715 0.29308161 0.29238021 0.29166715 0.29094228 0.29020543 0.28945646 0.28869522 0.28792156 0.28713534 0.2863364 0.28552463 0.28469988 0.28386202 0.28301094 0.2821465 0.28126861 0.28037715
0.31429814 0.31395124 0.31359807 0.31323854 0.31287255 0.31250002 0.31212084 0.31173491 0.31134212 0.31094238 0.31053558 0.31012159 0.30970033 0.30927166 0.30883547 0.30839165 0.30794007 0.30748061 0.30701315 0.30653754 0.30605367 0.3055614 0.30506059 0.30455111 0.30403281 0.30350555 0.30296919 0.30242357 0.30186856 0.30130399 0.30072972 0.30014559 0.29955145 0.29894713 0.29833248 0.29770734 0.29707154 0.29642494 0.29576735 0.29509863 0.29441861 0.29372714 0.29302404 0.29230916 0.29158235 0.29084345 0.29009231 0.28932877 0.28855268 0.28776391 0.28696231 0.28614775 0.28532009 0.2844792 0.28362497 0.28275728 0.28187602
0.31529699 0.31495732 0.31461144 0.31425928 0.31390073 0.31353571 0.31316411 0.31278583 0.31240078 0.31200884 0.31160991 0.31120389 0.31079066 0.3103701 0.30994211 0.30950655 0.30906332 0.30861229 0.30815333 0.30768631 0.30721111 0.30672758 0.3062356 0.30573502 0.3052257 0.3047075 0.30418027 0.30364386 0.30309813 0.30254292 0.30197808 0.30140344 0.30081886 0.30022417 0.29961921 0.29900382 0.29837784 0.2977411 0.29709344 0.29643469 0.29576468 0.29508327 0.29439028 0.29368554 0.2929689 0.29224021 0.29149929 0.29074601 0.2899802 0.28920172 0.28841042 0.28760616 0.28678881 0.28595824 0.28511432 0.28425693 0.28338595
