landslides_training_model/shapes/shapes_exact_point/logistic_regression_suc.tif
NCOLS 441
NROWS 451
XLLCORNER -92.213079
YLLCORNER 13.747265
DX 0.0090151111
DY 0.0090031242
NODATA_VALUE -9999
[rows 125 to 149 of 451, columns 114 to 170 of 441]
0.21295089 0.21144383 0.20993362 0.20842053 0.20690484 0.20538677 0.20386657 0.20234443 0.20082054 0.19929506 0.19776813 0.19623987 0.19471038 0.19317975 0.19164806 0.19011538 0.1885818 0.18704743 0.18551242 0.18397695 0.18244128 0.18090573 0.17937069 0.17783663 0.1763041 0.1747737 0.17324606 0.17172184 0.17020167 0.16868614 0.16717579 0.16567105 0.16417226 0.16267965 0.16119333 0.15971326 0.15823927 0.15677102 0.15530803 0.15384961 0.15239496 0.15094311 0.14949304 0.14804379 0.14659476 0.14514616 0.14369962 0.14225879 0.14082978 0.13942138 0.1380452 0.1367149 0.13543796 0.13420321 0.13307965 0.13322569 0.15756453
0.21500223 0.21350287 0.21200032 0.21049487 0.20898678 0.20747629 0.20596364 0.20444904 0.20293269 0.20141476 0.19989542 0.19837479 0.19685302 0.19533022 0.19380649 0.19228194 0.1907567 0.1892309 0.18770469 0.18617828 0.1846519 0.18312584 0.18160043 0.18007607 0.17855319 0.17703224 0.17551371 0.17399806 0.17248576 0.1709772 0.16947271 0.16797254 0.16647684 0.16498563 0.16349881 0.16201613 0.1605372 0.15906145 0.15758812 0.1561163 0.15464486 0.15317252 0.15169787 0.15021943 0.14873576 0.14724564 0.14574815 0.14424262 0.1427282 0.14120271 0.13966021 0.13808507 0.13643741 0.13461629 0.13231797 0.12776053 0.08213648
0.21705085 0.21555864 0.21406319 0.2125648 0.21106372 0.2095602 0.20805449 0.20654681 0.20503735 0.20352631 0.20201385 0.20050013 0.19898531 0.1974695 0.19595285 0.19443548 0.19291753 0.19139913 0.18988046 0.1883617 0.18684307 0.18532482 0.18380722 0.18229057 0.18077522 0.17926151 0.17774976 0.17624031 0.17473345 0.17322941 0.17172834 0.17023033 0.16873534 0.16724321 0.16575366 0.16426625 0.16278037 0.16129524 0.15980988 0.15832311 0.15683351 0.15533946 0.1538391 0.15233033 0.15081081 0.14927789 0.14772842 0.14615831 0.14456162 0.14292867 0.14124238 0.13947027 0.13754586 0.13531675 0.13235346 0.12701484 0.1152143
0.21909655 0.21761093 0.21612203 0.21463013 0.21313549 0.21163836 0.21013899 0.2086376 0.20713441 0.20562959 0.20412334 0.20261583 0.2011072 0.1995976 0.19808718 0.19657608 0.19506443 0.19355237 0.19204008 0.19052771 0.18901546 0.18750353 0.18599214 0.18448151 0.1829719 0.18146354 0.17995664 0.1784514 0.17694797 0.17544643 0.17394679 0.17244897 0.17095278 0.16945789 0.16796385 0.16647005 0.16497569 0.16347978 0.16198113 0.1604783 0.1589696 0.15745303 0.15592629 0.15438664 0.15283087 0.15125506 0.14965424 0.14802176 0.14634808 0.14461875 0.14281042 0.14088316 0.13876431 0.13631188 0.13322935 0.12890991 0.12221989
0.22113913 0.21965957 0.21817666 0.21669069 0.21520192 0.2137106 0.21221699 0.21072129 0.20922374 0.20772451 0.20622381 0.20472181 0.20321866 0.20171452 0.20020953 0.19870383 0.19719757 0.19569088 0.19418391 0.1926768 0.19116971 0.1896628 0.18815623 0.18665017 0.18514477 0.18364017 0.1821365 0.18063381 0.17913215 0.17763146 0.17613162 0.17463241 0.17313349 0.17163439 0.1701345 0.16863305 0.16712906 0.16562137 0.16410856 0.16258896 0.16106058 0.15952111 0.15796776 0.15639725 0.15480556 0.15318771 0.15153731 0.14984583 0.14810137 0.14628666 0.1443755 0.14232649 0.1400715 0.13749456 0.13439439 0.13041955 0.12488424
0.22317839 0.22170434 0.22022688 0.21874629 0.21726284 0.21577676 0.21428832 0.21279773 0.21130522 0.20981097 0.20831518 0.20681803 0.20531967 0.20382026 0.20231995 0.20081887 0.19931715 0.19781493 0.19631231 0.19480944 0.19330643 0.1918034 0.19030046 0.1887977 0.18729521 0.18579305 0.18429124 0.18278974 0.18128848 0.17978729 0.17828594 0.17678408 0.17528123 0.1737768 0.17227004 0.17076001 0.16924559 0.16772544 0.16619794 0.16466119 0.16311296 0.16155056 0.15997085 0.15836998 0.15674329 0.15508494 0.15338745 0.15164094 0.149832 0.14794183 0.14594319 0.14379552 0.14143659 0.13876776 0.13562511 0.1317054 0.12629732
0.2252141 0.22374504 0.2222725 0.22079675 0.21931806 0.21783667 0.21635284 0.21486678 0.21337872 0.21188885 0.21039736 0.20890443 0.20741021 0.20591485 0.20441851 0.2029213 0.20142334 0.19992476 0.19842564 0.1969261 0.19542622 0.19392607 0.19242571 0.19092518 0.18942451 0.18792365 0.18642257 0.18492113 0.18341916 0.18191639 0.18041249 0.17890698 0.17739929 0.17588869 0.17437431 0.17285507 0.17132971 0.16979672 0.1682543 0.16670035 0.16513238 0.16354742 0.16194195 0.16031168 0.15865141 0.15695459 0.15521293 0.15341562 0.15154824 0.14959109 0.14751654 0.14528493 0.14283763 0.14008446 0.13687589 0.13292388 0.12751005
0.22724606 0.22578146 0.2243133 0.22284186 0.22136739 0.21989015 0.21841038 0.2169283 0.21544412 0.21395805 0.21247027 0.21098094 0.20949024 0.2079983 0.20650525 0.20501122 0.20351631 0.20202062 0.20052422 0.1990272 0.1975296 0.19603146 0.19453279 0.19303358 0.19153377 0.19003329 0.188532 0.1870297 0.18552612 0.18402091 0.18251364 0.18100373 0.17949052 0.17797316 0.17645066 0.17492183 0.17338528 0.17183933 0.17028203 0.1687111 0.16712381 0.16551695 0.16388668 0.16222834 0.16053626 0.15880339 0.1570208 0.15517702 0.1532569 0.15124011 0.14909861 0.14679273 0.14426462 0.14142626 0.13813486 0.13412949 0.12879247
0.22927404 0.22781338 0.22634908 0.22488142 0.22341064 0.22193701 0.22046075 0.2189821 0.21750126 0.21601843 0.21453379 0.2130475 0.21155972 0.21007059 0.20858022 0.20708872 0.2055962 0.20410272 0.20260834 0.20111311 0.19961706 0.19812016 0.19662241 0.19512373 0.19362402 0.19212313 0.19062086 0.18911695 0.18761105 0.18610274 0.18459148 0.18307663 0.18155742 0.18003291 0.17850202 0.17696344 0.17541565 0.17385685 0.17228496 0.17069751 0.1690916 0.16746378 0.16580995 0.16412516 0.16240339 0.16063716 0.15881711 0.15693126 0.15496395 0.1528943 0.15069365 0.14832138 0.14571753 0.14278912 0.13938397 0.13524433 0.12993954
0.2312978 0.22984057 0.22837961 0.2269152 0.22544759 0.22397704 0.22250378 0.22102803 0.21954999 0.21806986 0.21658781 0.21510401 0.21361859 0.21213169 0.21064342 0.20915387 0.20766313 0.20617124 0.20467825 0.20318418 0.20168901 0.20019271 0.1986952 0.19719639 0.19569612 0.19419418 0.19269032 0.19118421 0.18967544 0.18816351 0.18664783 0.18512766 0.18360216 0.18207031 0.18053092 0.17898261 0.17742374 0.17585242 0.17426642 0.17266313 0.1710395 0.1693919 0.16771602 0.16600667 0.16425756 0.16246092 0.16060707 0.15868369 0.15667478 0.15455905 0.15230724 0.14987741 0.1472059 0.14418806 0.14063205 0.13613591 0.12982469
0.2333171 0.23186278 0.23040464 0.22894297 0.22747802 0.22601004 0.22453925 0.22306588 0.22159013 0.22011218 0.2186322 0.21715035 0.21566676 0.21418156 0.21269485 0.2112067 0.20971717 0.20822632 0.20673415 0.20524066 0.20374581 0.20224953 0.20075171 0.19925221 0.19775083 0.19624733 0.19474138 0.19323261 0.19172056 0.19020466 0.18868425 0.18715854 0.18562661 0.18408737 0.18253956 0.18098171 0.1794121 0.17782873 0.17622928 0.17461103 0.17297078 0.17130479 0.16960856 0.16787675 0.16610286 0.16427896 0.16239514 0.16043893 0.15839418 0.15623947 0.1539454 0.15146954 0.14874623 0.14566248 0.14198759 0.13708811 0.12782956
0.23533167 0.23387974 0.23242392 0.23096448 0.22950168 0.22803575 0.22656694 0.22509545 0.22362147 0.2221452 0.22066679 0.21918639 0.21770413 0.21622012 0.21473445 0.21324719 0.21175838 0.21026806 0.2087762 0.20728279 0.20578776 0.204291 0.20279239 0.20129174 0.19978881 0.19828331 0.1967749 0.19526313 0.19374749 0.19222738 0.19070208 0.18917073 0.18763237 0.18608584 0.18452981 0.18296275 0.18138286 0.17978809 0.17817601 0.17654382 0.17488823 0.17320538 0.17149069 0.16973868 0.16794275 0.16609487 0.16418507 0.16220084 0.16012614 0.15793984 0.15561315 0.15310493 0.15035236 0.14724954 0.14358927 0.1388625 0.13138885
0.23734123 0.23589118 0.23443717 0.23297945 0.23151829 0.23005393 0.22858659 0.22711648 0.22564379 0.2241687 0.22269138 0.22121195 0.21973054 0.21824724 0.21676215 0.21527531 0.21378675 0.21229649 0.21080449 0.20931071 0.20781506 0.20631741 0.20481759 0.2033154 0.20181056 0.20030275 0.19879158 0.19727656 0.19575716 0.1942327 0.19270244 0.19116548 0.18962079 0.18806717 0.18650325 0.18492742 0.18333786 0.18173244 0.18010867 0.1784637 0.17679417 0.17509615 0.173365 0.17159519 0.16978008 0.1679116 0.16597986 0.16397248 0.16187373 0.15966315 0.15731331 0.15478599 0.15202533 0.14894438 0.14539844 0.14113926 0.13582965
0.23934548 0.2378968 0.23644408 0.23498759 0.23352758 0.23206428 0.23059792 0.22912871 0.22765684 0.22618246 0.22470575 0.22322683 0.22174581 0.22026278 0.21877782 0.21729096 0.21580223 0.2143116 0.21281906 0.21132451 0.20982786 0.20832895 0.20682759 0.20532354 0.20381651 0.20230613 0.20079199 0.19927357 0.19775029 0.19622145 0.19468626 0.19314379 0.19159297 0.19003257 0.18846117 0.18687714 0.1852786 0.18366338 0.18202898 0.18037248 0.17869051 0.17697911 0.17523361 0.17344847 0.17161709 0.16973147 0.16778185 0.16575612 0.16363905 0.16141107 0.15904648 0.15651058 0.15375507 0.15071077 0.147277 0.14331026 0.13861062
0.2413441 0.23989628 0.23844435 0.23698857 0.23552921 0.23406649 0.23260064 0.23113185 0.22966032 0.2281862 0.22670965 0.22523079 0.22374973 0.22226654 0.22078129 0.21929401 0.2178047 0.21631334 0.21481987 0.21332421 0.21182622 0.21032574 0.20882255 0.2073164 0.20580695 0.20429382 0.20277657 0.20125466 0.19972747 0.19819428 0.19665427 0.19510648 0.19354982 0.19198302 0.19040464 0.18881303 0.18720628 0.18558221 0.18393829 0.1822716 0.18057877 0.17885582 0.17709813 0.17530021 0.17345552 0.1715562 0.16959271 0.16755331 0.16542334 0.16318423 0.16081198 0.15827498 0.15553066 0.15252053 0.14916235 0.1453346 0.1408272
0.24333673 0.24188925 0.2404376 0.23898205 0.23752284 0.23606022 0.23459439 0.23312556 0.23165391 0.2301796 0.22870277 0.22722355 0.22574202 0.22425827 0.22277234 0.22128425 0.219794 0.21830155 0.21680684 0.21530974 0.21381013 0.21230782 0.21080257 0.2092941 0.20778206 0.20626606 0.20474562 0.20322019 0.20168912 0.20015168 0.19860701 0.19705416 0.19549199 0.19391923 0.19233444 0.19073593 0.18912181 0.18748988 0.18583762 0.18416213 0.18246005 0.18072745 0.17895977 0.1771516 0.17529654 0.17338694 0.17141351 0.16936495 0.16722722 0.16498271 0.1626089 0.16007652 0.15734662 0.15436593 0.15105852 0.14730796 0.14291484
0.245323 0.24387535 0.24242347 0.24096764 0.2395081 0.23804508 0.23657881 0.23510947 0.23363726 0.23216231 0.23068478 0.22920478 0.22772239 0.22623768 0.2247507 0.22326145 0.22176992 0.22027606 0.21877979 0.21728099 0.2157795 0.21427513 0.21276762 0.21125667 0.20974193 0.20822297 0.20669931 0.20517037 0.20363551 0.20209396 0.20054486 0.19898724 0.19741996 0.19584174 0.19425114 0.19264647 0.19102584 0.18938708 0.18772769 0.1860448 0.18433511 0.18259476 0.18081927 0.17900338 0.17714086 0.17522429 0.17324475 0.17119138 0.16905078 0.16680625 0.16443657 0.1619142 0.15920251 0.15625102 0.1529864 0.14929426 0.14497929
0.24730251 0.24585416 0.24440154 0.24294492 0.24148455 0.24002066 0.23855348 0.23708318 0.23560995 0.23413395 0.23265529 0.23117411 0.22969047 0.22820443 0.22671604 0.22522529 0.22373217 0.2222366 0.2207385 0.21923775 0.21773416 0.21622753 0.2147176 0.21320405 0.21168651 0.21016456 0.20863768 0.2071053 0.20556676 0.20402128 0.20246801 0.20090596 0.199334 0.19775085 0.19615506 0.19454499 0.19291876 0.19127422 0.18960891 0.18792004 0.18620436 0.18445812 0.18267698 0.18085583 0.17898868 0.17706839 0.17508641 0.17303239 0.17089363 0.1686543 0.16629436 0.16378781 0.16109997 0.15818267 0.15496524 0.15133607 0.1470999
0.24927482 0.24782524 0.24637136 0.24491345 0.24345175 0.24198651 0.24051794 0.23904623 0.23757155 0.23609405 0.23461387 0.2331311 0.23164583 0.23015812 0.22866798 0.22717541 0.22568039 0.22418284 0.22268266 0.22117972 0.21967384 0.21816479 0.2166523 0.21513606 0.21361567 0.21209071 0.21056065 0.20902492 0.20748285 0.20593367 0.20437651 0.20281039 0.20123419 0.19964666 0.19804635 0.19643164 0.1948007 0.19315142 0.19148141 0.18978794 0.18806786 0.18631757 0.18453286 0.18270883 0.18083976 0.17891884 0.17693794 0.17488728 0.17275486 0.1705258 0.16818126 0.16569687 0.16304006 0.16016564 0.15700747 0.15346179 0.14934878
0.25123945 0.24978811 0.24833244 0.24687272 0.24540921 0.24394213 0.2424717 0.24099811 0.23952154 0.23804214 0.23656002 0.23507529 0.23358803 0.23209828 0.23060606 0.22911137 0.22761417 0.22611438 0.22461189 0.22310656 0.2215982 0.22008659 0.21857144 0.21705242 0.21552915 0.21400119 0.21246802 0.21092906 0.20938363 0.20783097 0.20627023 0.20470042 0.20312046 0.20152908 0.19992491 0.19830633 0.19667157 0.19501857 0.19334504 0.19164831 0.18992539 0.18817278 0.18638649 0.18456186 0.18269344 0.1807748 0.17879831 0.17675476 0.17463296 0.17241903 0.1700955 0.16763977 0.16502183 0.16220033 0.15911567 0.15567704 0.15173573
0.25319589 0.25174224 0.25028425 0.24882221 0.24735636 0.24588696 0.2444142 0.24293829 0.24145939 0.23997765 0.2384932 0.23700613 0.23551651 0.23402439 0.23252978 0.23103267 0.22953301 0.22803074 0.22652572 0.22501781 0.22350682 0.22199251 0.22047461 0.21895277 0.21742661 0.21589568 0.21435947 0.2128174 0.2112688 0.20971291 0.20814889 0.20657579 0.20499252 0.20339786 0.20179046 0.20016877 0.19853105 0.19687533 0.1951994 0.19350071 0.19177639 0.19002313 0.18823714 0.18641401 0.18454863 0.18263499 0.18066596 0.178633 0.17652578 0.17433154 0.17203426 0.16961341 0.16704185 0.16428267 0.16128359 0.15796743 0.15421491
0.25514358 0.25368706 0.2522262 0.25076131 0.24929263 0.24782041 0.24634485 0.24486615 0.24338449 0.2419 0.24041281 0.23892302 0.23743069 0.23593586 0.23443855 0.23293873 0.23143637 0.22993136 0.22842361 0.22691295 0.22539918 0.22388206 0.22236132 0.22083662 0.21930756 0.21777371 0.21623456 0.21468951 0.21313793 0.21157907 0.21001209 0.20843607 0.20684995 0.20525255 0.20364254 0.20201845 0.2003786 0.19872111 0.19704385 0.19534441 0.19362006 0.19186768 0.19008371 0.18826404 0.18640389 0.18449769 0.18253888 0.18051965 0.17843056 0.17626005 0.17399373 0.17161325 0.16909462 0.1664055 0.16350071 0.1603143 0.15674457
0.25708192 0.25562195 0.25415768 0.2526894 0.25121736 0.24974182 0.24826298 0.24678103 0.24529616 0.24380851 0.24231819 0.2408253 0.2393299 0.23783204 0.23633171 0.23482891 0.23332358 0.23181563 0.23030494 0.22879135 0.22727467 0.22575464 0.224231 0.2227034 0.22117145 0.21963473 0.21809272 0.21654485 0.21499048 0.21342889 0.21185926 0.21028069 0.20869216 0.20709253 0.20548052 0.20385472 0.20221352 0.20055513 0.19887753 0.19717846 0.19545533 0.19370524 0.19192486 0.19011037 0.18825739 0.18636081 0.18441465 0.18241185 0.18034392 0.1782006 0.17596916 0.17363357 0.17117308 0.16856002 0.16575599 0.16270481 0.15931756
0.25901025 0.25754625 0.25607799 0.25460577 0.25312985 0.25165048 0.25016787 0.24868221 0.24719369 0.24570244 0.24420859 0.24271223 0.24121341 0.23971219 0.23820855 0.23670249 0.23519395 0.23368283 0.23216901 0.23065233 0.2291326 0.22760956 0.22608295 0.22455242 0.2230176 0.22147805 0.21993328 0.21838272 0.21682576 0.21526168 0.2136897 0.21210894 0.21051841 0.20891704 0.20730359 0.20567671 0.20403488 0.20237641 0.20069939 0.19900169 0.19728092 0.19553436 0.19375895 0.19195118 0.19010705 0.18822193 0.18629046 0.18430631 0.18226203 0.1801486 0.17795506 0.17566771 0.1732691 0.17073627 0.16803779 0.16512804 0.1619352
0.26092785 0.25945922 0.2579864 0.25650968 0.25502933 0.25354561 0.25205873 0.25056889 0.24907627 0.24758101 0.24608322 0.244583 0.24308042 0.2415755 0.24006826 0.23855866 0.23704666 0.23553215 0.23401501 0.23249509 0.23097218 0.22944604 0.2279164 0.22638292 0.22484523 0.22330291 0.22175546 0.22020235 0.21864297 0.21707663 0.21550257 0.21391995 0.21232783 0.21072516 0.20911079 0.20748341 0.20584161 0.20418379 0.20250816 0.20081274 0.19909532 0.19735338 0.19558413 0.19378437 0.1919505 0.19007836 0.18816319 0.18619945 0.18418064 0.18209906 0.17994542 0.17770838 0.17537371 0.17292318 0.17033245 0.16756754 0.16457792
