landslides_training_model/shapes/shapes_exact_point/logistic_regression_suc.tif
NCOLS 441
NROWS 451
XLLCORNER -92.213079
YLLCORNER 13.747265
DX 0.0090151111
DY 0.0090031242
NODATA_VALUE -9999
[rows 325 to 349 of 451, columns 342 to 398 of 441]
0.36622884 0.36560546 0.36509086 0.36466944 0.3643274 0.36405282 0.36383554 0.363667 0.36353999 0.3634485 0.36338748 0.36335268 0.36334056 0.36334812 0.3633728 0.36341241 0.36346507 0.36352912 0.36360312 0.36368576 0.36377586 0.36387235 0.36397424 0.36408059 0.36419056 0.3643033 0.36441806 0.36453409 0.3646507 0.36476721 0.364883 0.36499746 0.36511003 0.36522016 0.36532733 0.36543107 0.36553092 0.36562645 0.36571726 0.36580296 0.3658832 0.36595765 0.366026 0.36608797 0.36614329 0.36619172 0.36623302 0.36626701 0.36629348 0.36631229 0.36632327 0.36632632 0.3663213 0.36630815 0.36628677 0.36625712 0.36621916
0.36514353 0.36472359 0.36437649 0.36409282 0.36386384 0.36368182 0.36354005 0.3634328 0.3633552 0.36330318 0.36327328 0.3632626 0.36326869 0.36328944 0.36332309 0.36336808 0.36342307 0.36348686 0.3635584 0.36363671 0.36372091 0.36381017 0.36390371 0.36400081 0.36410077 0.36420291 0.3643066 0.36441121 0.36451615 0.36462085 0.36472475 0.36482733 0.36492808 0.36502651 0.36512217 0.3652146 0.36530339 0.36538815 0.3654685 0.36554409 0.36561457 0.36567964 0.365739 0.36579238 0.36583953 0.36588021 0.3659142 0.36594131 0.36596135 0.36597416 0.3659796 0.36597754 0.36596787 0.3659505 0.36592536 0.36589237 0.36585151
0.36401601 0.36379713 0.36361893 0.36347635 0.3633647 0.3632798 0.36321803 0.36317631 0.36315205 0.36314306 0.36314749 0.36316379 0.36319063 0.36322688 0.36327154 0.36332376 0.36338274 0.36344779 0.36351825 0.36359351 0.36367298 0.3637561 0.36384233 0.36393113 0.36402198 0.36411436 0.36420777 0.3643017 0.36439568 0.36448921 0.36458184 0.36467311 0.36476257 0.36484979 0.36493437 0.36501591 0.36509403 0.36516836 0.36523856 0.3653043 0.36536527 0.36542117 0.36547173 0.36551668 0.36555579 0.36558882 0.36561557 0.36563585 0.36564949 0.36565631 0.36565618 0.36564898 0.3656346 0.36561293 0.36558391 0.36554747 0.36550356
0.36283809 0.36282425 0.36281994 0.36282373 0.36283454 0.36285154 0.36287414 0.36290189 0.36293446 0.36297161 0.36301313 0.36305885 0.36310861 0.36316227 0.36321968 0.36328067 0.36334505 0.36341263 0.36348319 0.36355648 0.36363223 0.36371016 0.36378995 0.36387129 0.36395382 0.36403718 0.36412102 0.36420494 0.36428858 0.36437155 0.36445345 0.36453392 0.36461258 0.36468905 0.36476298 0.36483401 0.36490181 0.36496604 0.36502639 0.36508255 0.36513424 0.36518118 0.36522311 0.36525979 0.36529099 0.36531648 0.36533608 0.36534959 0.36535685 0.3653577 0.36535201 0.36533964 0.36532048 0.36529446 0.36526147 0.36522147 0.36517439
0.36160001 0.36180229 0.36198099 0.36213865 0.3622781 0.36240215 0.36251341 0.36261424 0.36270673 0.36279265 0.36287353 0.36295065 0.36302508 0.3630977 0.36316922 0.36324022 0.36331112 0.36338227 0.36345388 0.36352609 0.36359895 0.36367247 0.36374658 0.36382116 0.36389604 0.36397103 0.3640459 0.3641204 0.36419425 0.36426717 0.36433886 0.36440901 0.3644773 0.36454344 0.3646071 0.36466799 0.36472579 0.36478022 0.364831 0.36487784 0.36492048 0.36495866 0.36499215 0.36502071 0.36504413 0.36506219 0.36507472 0.36508153 0.36508246 0.36507736 0.3650661 0.36504854 0.36502459 0.36499414 0.36495712 0.36491346 0.36486311
0.36029267 0.36072948 0.36110448 0.36142568 0.36170091 0.36193736 0.3621414 0.36231856 0.36247355 0.36261036 0.36273236 0.36284237 0.36294275 0.36303545 0.36312208 0.36320399 0.36328225 0.36335772 0.3634311 0.36350291 0.36357354 0.36364327 0.36371228 0.36378067 0.36384847 0.36391562 0.36398205 0.36404762 0.36411217 0.36417551 0.36423742 0.36429766 0.364356 0.36441217 0.36446592 0.36451699 0.36456511 0.36461003 0.3646515 0.36468925 0.36472306 0.36475268 0.3647779 0.36479849 0.36481426 0.36482501 0.36483056 0.36483074 0.36482539 0.36481437 0.36479754 0.36477479 0.36474601 0.3647111 0.36466999 0.3646226 0.36456888
0.35891019 0.35960689 0.3601951 0.36069114 0.3611098 0.36146392 0.36176446 0.36202062 0.36224009 0.36242929 0.36259359 0.36273744 0.36286454 0.36297799 0.36308034 0.36317371 0.36325982 0.36334012 0.36341573 0.3634876 0.36355645 0.36362284 0.36368721 0.36374987 0.36381101 0.36387076 0.36392917 0.36398623 0.36404189 0.36409604 0.36414855 0.36419926 0.36424799 0.36429453 0.36433869 0.36438025 0.36441897 0.36445465 0.36448705 0.36451594 0.36454112 0.36456237 0.36457949 0.36459226 0.36460051 0.36460405 0.36460271 0.36459633 0.36458476 0.36456785 0.36454548 0.36451754 0.36448391 0.36444451 0.36439925 0.36434806 0.36429089
0.3574531 0.35844073 0.35926126 0.35994397 0.36051344 0.36098988 0.36138986 0.36172688 0.36201203 0.36225439 0.36246148 0.3626395 0.36279357 0.36292797 0.3630462 0.36315119 0.36324535 0.36333066 0.36340873 0.3634809 0.36354823 0.36361156 0.36367159 0.36372881 0.36378362 0.36383629 0.36388702 0.36393591 0.36398301 0.3640283 0.36407174 0.36411323 0.36415266 0.36418988 0.36422473 0.36425705 0.36428663 0.3643133 0.36433686 0.36435711 0.36437386 0.36438692 0.36439608 0.36440118 0.36440204 0.36439848 0.36439034 0.36437747 0.36435973 0.36433698 0.3643091 0.36427597 0.36423749 0.36419356 0.36414412 0.36408908 0.36402839
0.35593282 0.35724483 0.35831647 0.35919645 0.35992269 0.36052474 0.36102586 0.36144451 0.36179555 0.36209096 0.36234057 0.36255241 0.36273311 0.36288812 0.36302195 0.36313835 0.36324039 0.3633306 0.3634111 0.36348358 0.36354945 0.36360983 0.36366565 0.36371762 0.3637663 0.36381212 0.3638554 0.36389637 0.36393517 0.36397188 0.36400651 0.36403906 0.36406945 0.36409761 0.36412341 0.36414672 0.3641674 0.36418529 0.36420022 0.36421202 0.36422052 0.36422554 0.36422692 0.36422448 0.36421806 0.36420751 0.36419266 0.36417338 0.36414953 0.36412098 0.3640876 0.3640493 0.36400597 0.36395751 0.36390385 0.36384491 0.36378064
0.35437704 0.35604287 0.35738011 0.35846442 0.35935064 0.36007943 0.36068167 0.36118132 0.36159726 0.36194462 0.36223562 0.3624802 0.36268651 0.36286126 0.36300994 0.36313711 0.36324651 0.36334124 0.36342385 0.36349643 0.36356071 0.36361808 0.36366968 0.36371644 0.36375907 0.36379817 0.36383416 0.36386738 0.36389807 0.3639264 0.36395245 0.36397626 0.36399785 0.36401716 0.36403412 0.36404865 0.36406063 0.36406994 0.36407643 0.36407996 0.36408037 0.36407752 0.36407125 0.36406141 0.36404783 0.36403039 0.36400892 0.36398331 0.36395341 0.3639191 0.36388027 0.36383681 0.36378863 0.36373563 0.36367773 0.36361486 0.36354696
0.35283368 0.35486893 0.35647709 0.35776681 0.35881222 0.35966607 0.36036732 0.36094564 0.36142416 0.36182121 0.3621515 0.36242694 0.3626572 0.36285023 0.36301252 0.36314941 0.36326531 0.36336384 0.363448 0.36352025 0.3635826 0.36363672 0.36368396 0.36372542 0.36376199 0.36379438 0.36382315 0.36384872 0.36387143 0.36389152 0.36390914 0.3639244 0.36393736 0.36394801 0.36395633 0.36396226 0.36396573 0.36396663 0.36396485 0.36396027 0.36395276 0.36394219 0.3639284 0.36391127 0.36389066 0.36386642 0.36383843 0.36380655 0.36377066 0.36373065 0.3636864 0.36363781 0.36358478 0.36352723 0.36346508 0.36339825 0.36332668
0.35136842 0.3537644 0.35563554 0.35712423 0.35832341 0.35929748 0.36009328 0.36074614 0.36128343 0.3617267 0.36209318 0.36239673 0.36264856 0.36285782 0.36303197 0.36317712 0.3632983 0.36339963 0.36348453 0.36355578 0.3636157 0.36366617 0.36370876 0.36374472 0.3637751 0.36380071 0.36382223 0.36384019 0.36385498 0.36386692 0.36387623 0.36388307 0.36388753 0.36388968 0.36388951 0.363887 0.36388211 0.36387477 0.36386488 0.36385235 0.36383705 0.36381888 0.36379771 0.36377342 0.36374587 0.36371493 0.36368049 0.36364243 0.36360062 0.36355495 0.36350532 0.36345162 0.36339377 0.36333167 0.36326525 0.36319444 0.36311917
0.35005046 0.35277003 0.35488264 0.35655677 0.35790009 0.35898663 0.35987024 0.36059163 0.3611823 0.36166704 0.36206554 0.36239358 0.36266387 0.36288671 0.36307048 0.36322202 0.36334691 0.36344975 0.36353432 0.36360372 0.36366051 0.3637068 0.36374431 0.36377446 0.36379841 0.3638171 0.36383129 0.36384158 0.36384845 0.36385228 0.36385335 0.36385185 0.36384794 0.36384169 0.36383316 0.36382236 0.36380925 0.3637938 0.36377594 0.36375559 0.36373264 0.36370701 0.36367857 0.36364721 0.36361283 0.36357529 0.36353449 0.36349031 0.36344264 0.36339137 0.36333639 0.36327762 0.36321496 0.36314833 0.36307764 0.36300283 0.36292383
0.34892845 0.35191445 0.3542392 0.35608173 0.35755712 0.35874617 0.3597088 0.36049085 0.36112793 0.36164803 0.36207327 0.36242128 0.3627062 0.36293939 0.36313007 0.36328571 0.36341243 0.36351522 0.36359818 0.36366468 0.3637175 0.36375891 0.36379081 0.36381473 0.36383194 0.36384347 0.36385016 0.36385269 0.3638516 0.36384731 0.36384016 0.36383038 0.36381815 0.36380361 0.36378683 0.36376783 0.36374663 0.3637232 0.36369749 0.36366943 0.36363896 0.36360597 0.36357037 0.36353207 0.36349095 0.3634469 0.36339982 0.36334959 0.36329612 0.3632393 0.36317902 0.36311521 0.36304776 0.3629766 0.36290164 0.36282283 0.36274008
0.34800582 0.35120261 0.35371557 0.35571253 0.35730822 0.35858849 0.35961943 0.36045237 0.36112721 0.36167517 0.36212075 0.36248334 0.36277834 0.36301808 0.3632125 0.36336962 0.36349598 0.36359691 0.36367678 0.36373916 0.36378701 0.36382275 0.36384839 0.36386557 0.36387565 0.36387972 0.3638787 0.36387332 0.36386416 0.36385171 0.36383631 0.36381827 0.36379779 0.36377501 0.36375005 0.36372296 0.36369376 0.36366245 0.36362899 0.36359335 0.36355545 0.36351522 0.36347257 0.36342741 0.36337965 0.36332917 0.36327589 0.36321969 0.36316048 0.36309816 0.36303263 0.36296381 0.3628916 0.36281592 0.36273671 0.36265388 0.36256738
0.34721569 0.35060759 0.35331201 0.35546077 0.35716735 0.3585263 0.35961263 0.36048449 0.36118661 0.36175348 0.3622119 0.36258278 0.36288266 0.36312464 0.36331922 0.36347488 0.36359844 0.3636955 0.36377062 0.36382752 0.3638693 0.36389847 0.36391712 0.36392698 0.36392946 0.36392572 0.36391671 0.36390322 0.36388586 0.36386515 0.36384148 0.36381516 0.36378643 0.36375547 0.36372239 0.36368727 0.36365016 0.36361106 0.36356996 0.36352683 0.36348161 0.36343423 0.36338463 0.36333271 0.36327838 0.36322156 0.36316215 0.36310005 0.36303516 0.3629674 0.36289666 0.36282287 0.36274593 0.36266576 0.3625823 0.36249546 0.36240519
0.34637212 0.3500726 0.35302977 0.35534329 0.35715184 0.35857368 0.35969905 0.36059511 0.36131194 0.36188729 0.36234993 0.36272205 0.36302101 0.36326048 0.36345133 0.3636023 0.36372043 0.36381145 0.36388002 0.36392998 0.36396448 0.36398609 0.36399696 0.36399886 0.36399323 0.36398127 0.36396397 0.36394213 0.36391641 0.36388732 0.3638553 0.36382068 0.3637837 0.36374457 0.36370341 0.36366033 0.36361537 0.36356857 0.36351991 0.36346938 0.36341692 0.36336249 0.36330602 0.36324743 0.36318663 0.36312355 0.36305808 0.36299015 0.36291965 0.36284649 0.36277059 0.36269186 0.36261022 0.36252559 0.36243789 0.36234705 0.36225301
0.34508484 0.34956272 0.35290341 0.35539403 0.35728568 0.35874654 0.35988917 0.36079123 0.361508 0.36207992 0.36253719 0.36290283 0.36319462 0.36342648 0.36360945 0.36375234 0.36386226 0.36394495 0.36400511 0.36404658 0.36407253 0.36408555 0.3640878 0.36408105 0.36406676 0.36404615 0.36402022 0.36398977 0.36395548 0.36391789 0.36387743 0.36383444 0.3637892 0.3637419 0.3636927 0.36364169 0.36358895 0.36353451 0.36347837 0.36342051 0.36336091 0.36329952 0.36323626 0.36317108 0.3631039 0.36303462 0.36296318 0.36288947 0.36281342 0.36273493 0.36265392 0.3625703 0.36248399 0.36239491 0.36230299 0.36220816 0.36211036
0.3431205 0.34926794 0.35304825 0.35567128 0.35759879 0.35906097 0.36019206 0.36107815 0.36177798 0.36233333 0.36277493 0.36312589 0.36340395 0.36362293 0.36379374 0.36392507 0.36402391 0.36409594 0.36414576 0.36417717 0.36419328 0.36419665 0.3641894 0.3641733 0.36414979 0.36412007 0.36408514 0.36404581 0.36400275 0.3639565 0.36390749 0.36385608 0.36380253 0.36374706 0.36368983 0.36363094 0.36357046 0.36350844 0.36344488 0.36337979 0.36331312 0.36324483 0.36317488 0.36310319 0.36302969 0.3629543 0.36287695 0.36279754 0.362716 0.36263223 0.36254615 0.36245768 0.36236674 0.36227325 0.36217713 0.36207833 0.36197676
0.34300476 0.34977838 0.35364056 0.35623917 0.35811767 0.3595287 0.36061306 0.36145827 0.36212282 0.36264776 0.36306301 0.36339094 0.36364865 0.36384945 0.36400381 0.3641201 0.36420504 0.36426407 0.36430165 0.36432142 0.36432639 0.36431905 0.36430145 0.36427529 0.36424198 0.3642027 0.36415841 0.36410991 0.36405785 0.36400277 0.3639451 0.36388519 0.3638233 0.36375965 0.36369439 0.36362764 0.36355947 0.36348992 0.36341901 0.36334674 0.36327308 0.36319798 0.3631214 0.36304328 0.36296355 0.36288212 0.36279893 0.36271389 0.36262692 0.36253792 0.36244683 0.36235356 0.36225802 0.36216015 0.36205986 0.36195709 0.36185178
0.34633999 0.35137258 0.35475894 0.35712358 0.35885053 0.36015144 0.36115138 0.36192991 0.36254065 0.36302141 0.36339981 0.36369655 0.36392748 0.36410495 0.36423874 0.36433662 0.36440491 0.3644487 0.36447219 0.3644788 0.36447139 0.36445231 0.3644235 0.36438659 0.36434292 0.36429362 0.3642396 0.36418165 0.36412038 0.36405631 0.36398986 0.36392137 0.36385109 0.36377924 0.36370597 0.36363138 0.36355555 0.36347853 0.36340033 0.36332095 0.36324036 0.36315853 0.3630754 0.36299092 0.36290503 0.36281764 0.36272868 0.36263806 0.36254572 0.36245156 0.36235551 0.36225748 0.36215739 0.36205517 0.36195074 0.36184403 0.36173498
0.34994457 0.3536095 0.35630371 0.35828948 0.35977961 0.36091778 0.3617988 0.36248679 0.36302654 0.36345035 0.36378216 0.36404014 0.36423831 0.36438769 0.36449704 0.3645734 0.36462247 0.36464892 0.36465658 0.36464861 0.36462764 0.36459584 0.36455502 0.3645067 0.36445214 0.36439238 0.3643283 0.36426061 0.36418992 0.3641167 0.36404136 0.36396421 0.3638855 0.36380543 0.36372414 0.36364174 0.36355829 0.36347384 0.3633884 0.36330197 0.36321453 0.36312603 0.36303643 0.36294568 0.36285369 0.36276041 0.36266575 0.36256963 0.36247199 0.36237272 0.36227176 0.36216901 0.36206442 0.36195788 0.36184934 0.36173872 0.36162595
0.35357392 0.35612284 0.35811689 0.3596649 0.36086711 0.36180508 0.36254036 0.36311835 0.36357268 0.36392862 0.36420542 0.36441804 0.3645782 0.36469527 0.36477676 0.36482879 0.36485635 0.36486356 0.36485383 0.36482997 0.36479435 0.36474894 0.36469537 0.36463504 0.36456909 0.36449847 0.364424 0.36434633 0.36426602 0.36418351 0.36409917 0.36401329 0.36392611 0.3638378 0.3637485 0.3636583 0.36356727 0.36347544 0.36338282 0.36328941 0.36319518 0.36310009 0.36300409 0.36290712 0.36280912 0.36271002 0.36260973 0.36250818 0.36240529 0.36230098 0.36219516 0.36208776 0.3619787 0.36186789 0.36175527 0.36164076 0.3615243
0.35718323 0.35873503 0.360071 0.36117395 0.36206736 0.36278434 0.36335653 0.36381079 0.36416898 0.36444862 0.36466374 0.36482566 0.3649435 0.36502474 0.36507549 0.36510081 0.36510489 0.36509122 0.36506271 0.36502183 0.36497062 0.3649108 0.36484384 0.36477095 0.36469316 0.36461133 0.36452618 0.36443831 0.3643482 0.36425626 0.36416283 0.36406817 0.36397247 0.36387592 0.36377862 0.36368065 0.36358207 0.36348291 0.36338317 0.36328284 0.36318189 0.36308028 0.36297796 0.36287486 0.36277092 0.36266607 0.36256022 0.36245331 0.36234524 0.36223594 0.36212533 0.36201332 0.36189983 0.3617848 0.36166814 0.36154978 0.36142965
0.36062641 0.36134041 0.36207793 0.36275261 0.36333611 0.36382493 0.36422569 0.36454849 0.36480385 0.36500158 0.36515037 0.3652577 0.36533 0.36537272 0.36539048 0.36538719 0.36536619 0.36533029 0.36528189 0.36522303 0.36515542 0.36508054 0.36499962 0.36491372 0.36482372 0.36473036 0.36463429 0.36453601 0.36443596 0.36433449 0.36423189 0.36412839 0.36402417 0.36391937 0.36381408 0.36370838 0.3636023 0.36349586 0.36338906 0.36328188 0.36317428 0.36306622 0.36295765 0.36284849 0.36273869 0.36262816 0.36251683 0.36240462 0.36229144 0.36217722 0.36206187 0.36194531 0.36182745 0.36170823 0.36158757 0.36146539 0.36134162
