landslides_training_model/shapes/shapes_exact_point/support_vector_machine_suc.tif
NCOLS 441
NROWS 451
XLLCORNER -92.213079
YLLCORNER 13.747265
DX 0.0090151111
DY 0.0090031242
NODATA_VALUE -9999
[rows 175 to 199 of 451, columns 114 to 170 of 441]
0.29874954 0.29663436 0.29454413 0.29247907 0.29043913 0.2884239 0.28643277 0.28446485 0.28251911 0.28059436 0.27868934 0.27680272 0.27493319 0.27307947 0.27124034 0.26941468 0.26760149 0.26579987 0.26400911 0.26222858 0.26045784 0.25869654 0.25694445 0.25520143 0.25346741 0.25174234 0.25002616 0.2483188 0.24662011 0.24492985 0.2432477 0.24157321 0.23990581 0.23824486 0.23658961 0.23493924 0.2332929 0.23164969 0.23000874 0.22836918 0.22673016 0.22509089 0.22345063 0.22180872 0.22016454 0.21851753 0.21686719 0.21521307 0.21355474 0.21189179 0.21022377 0.20855022 0.20687059 0.20518422 0.20349033 0.20178793 0.20007586
0.29961394 0.29745845 0.29533178 0.2932341 0.29116515 0.28912435 0.28711081 0.28512338 0.28316069 0.28122126 0.27930347 0.27740569 0.27552632 0.27366378 0.27181663 0.26998352 0.26816328 0.26635492 0.26455759 0.26277066 0.26099366 0.25922628 0.25746837 0.25571987 0.25398084 0.25225134 0.25053147 0.24882125 0.24712063 0.24542944 0.24374738 0.24207399 0.24040865 0.23875062 0.23709905 0.23545299 0.23381144 0.23217338 0.23053777 0.22890362 0.22726996 0.2256359 0.22400062 0.22236337 0.22072352 0.21908047 0.21743374 0.21578288 0.21412753 0.21246731 0.21080186 0.2091308 0.20745365 0.20576985 0.20407868 0.20237923 0.20067035
0.30033708 0.29813936 0.29597498 0.29384393 0.29174577 0.28967967 0.28764441 0.28563849 0.28366015 0.2817075 0.27977854 0.27787125 0.27598365 0.27411383 0.27226007 0.27042077 0.26859457 0.26678032 0.26497709 0.26318421 0.2614012 0.25962783 0.25786402 0.25610988 0.25436562 0.25263149 0.25090776 0.24919463 0.24749219 0.24580036 0.24411887 0.24244725 0.24078481 0.23913071 0.23748393 0.23584337 0.23420784 0.23257612 0.23094702 0.22931936 0.22769204 0.22606403 0.22443441 0.22280238 0.22116722 0.21952835 0.21788527 0.21623759 0.21458499 0.21292719 0.21126393 0.20959495 0.20791989 0.20623832 0.20454962 0.20285299 0.20114738
0.30089928 0.29865748 0.29645421 0.29428933 0.29216214 0.29007146 0.28801568 0.28599285 0.28400075 0.28203698 0.28009905 0.27818446 0.27629077 0.27441571 0.27255718 0.27071331 0.26888252 0.26706348 0.26525517 0.26345686 0.26166812 0.25988878 0.25811891 0.25635882 0.25460894 0.25286979 0.2511419 0.24942572 0.24772151 0.24602935 0.244349 0.24267999 0.24102154 0.23937264 0.23773208 0.23609854 0.23447059 0.23284677 0.23122566 0.22960589 0.22798615 0.22636528 0.22474223 0.22311609 0.22148611 0.21985168 0.21821232 0.21656768 0.21491754 0.21326173 0.21160014 0.20993266 0.20825912 0.20657925 0.20489262 0.20319856 0.20149615
0.30127699 0.2989893 0.29674623 0.29454742 0.29239183 0.29027789 0.28820348 0.28616608 0.28416289 0.28219087 0.28024692 0.27832797 0.27643103 0.27455336 0.27269243 0.27084606 0.26901239 0.26718992 0.26537752 0.26357441 0.2617802 0.25999483 0.25821859 0.25645201 0.25469588 0.25295107 0.25121848 0.24949891 0.24779291 0.24610072 0.24442222 0.24275688 0.2411038 0.23946176 0.23782928 0.23620473 0.23458637 0.23297244 0.23136124 0.22975112 0.22814057 0.22652822 0.22491287 0.22329351 0.22166933 0.22003967 0.2184041 0.21676232 0.21511422 0.2134598 0.21179914 0.21013235 0.20845951 0.20678058 0.20509536 0.20340338 0.2017039
0.30144163 0.29910641 0.29682295 0.2945906 0.29240794 0.29027285 0.28818259 0.28613393 0.28412331 0.28214693 0.28020092 0.27828148 0.27638497 0.27450805 0.27264775 0.27080148 0.26896709 0.26714287 0.26532757 0.26352038 0.26172094 0.25992936 0.25814616 0.25637225 0.25460884 0.25285733 0.25111915 0.24939558 0.24768758 0.24599569 0.24431988 0.24265957 0.24101368 0.23938066 0.23775867 0.23614566 0.2345395 0.23293804 0.23133919 0.22974101 0.22814169 0.22653962 0.22493344 0.22332199 0.22170437 0.22007992 0.21844821 0.21680904 0.21516241 0.21350854 0.21184778 0.21018053 0.20850721 0.20682809 0.20514327 0.20345257 0.20175546
0.30135816 0.29897402 0.29665005 0.29438529 0.29217777 0.29002472 0.28792258 0.28586726 0.28385421 0.28187867 0.27993581 0.27802092 0.27612957 0.27425774 0.27240186 0.27055894 0.26872649 0.26690259 0.26508584 0.26327539 0.26147094 0.25967276 0.25788168 0.25609909 0.2543268 0.25256695 0.25082171 0.24909309 0.24738267 0.24569135 0.24401928 0.24236579 0.24072947 0.23910834 0.23750002 0.23590191 0.23431133 0.23272564 0.23114231 0.22955899 0.22797352 0.22638401 0.22478886 0.22318676 0.22157672 0.21995803 0.21833029 0.21669336 0.21504742 0.21339295 0.21173063 0.2100613 0.20838582 0.2067049 0.20501903 0.20332835 0.20163265
0.30098299 0.29854891 0.29618504 0.29388995 0.29166103 0.28949464 0.28738622 0.28533052 0.28332178 0.28135401 0.27942117 0.27751741 0.27563731 0.27377602 0.27192934 0.2700938 0.26826658 0.26644553 0.2646291 0.26281636 0.26100704 0.2592016 0.25740123 0.2556079 0.25382429 0.25205351 0.25029888 0.24856348 0.24684977 0.24515926 0.24349227 0.24184797 0.24022447 0.23861909 0.23702868 0.23544986 0.23387927 0.23231366 0.23074995 0.22918527 0.22761704 0.22604301 0.22446128 0.2228704 0.22126926 0.21965709 0.21803347 0.21639833 0.21475202 0.21309534 0.21142943 0.20975575 0.20807574 0.20639075 0.20470174 0.20300928 0.20131348
0.30026098 0.29777659 0.2953744 0.29305244 0.29080729 0.28863418 0.28652724 0.28447974 0.2824844 0.28053363 0.27861983 0.27673573 0.27487466 0.2730308 0.27119925 0.26937605 0.2675581 0.265743 0.26392905 0.2621152 0.26030115 0.25848744 0.25667568 0.25486854 0.25306982 0.25128412 0.24951639 0.24777137 0.24605287 0.24436326 0.24270316 0.24107137 0.23946519 0.23788085 0.23631404 0.23476035 0.23321552 0.23167558 0.23013679 0.22859568 0.22704911 0.22549434 0.22392917 0.22235193 0.22076143 0.21915684 0.21753767 0.21590381 0.21425573 0.21259461 0.21092226 0.20924096 0.20755312 0.20586087 0.20416586 0.20246912 0.20077105
0.29912106 0.29658687 0.29414937 0.29180597 0.28955217 0.28738173 0.28528702 0.28325945 0.28128974 0.27936828 0.27748545 0.27563211 0.27380002 0.27198221 0.27017307 0.26836825 0.26656444 0.2647591 0.26295037 0.26113697 0.25931838 0.25749507 0.25566889 0.25384337 0.25202379 0.25021689 0.24843015 0.24667086 0.24494498 0.24325623 0.24160555 0.23999106 0.23840866 0.23685278 0.23531736 0.23379655 0.23228502 0.23077801 0.2292711 0.22776008 0.22624099 0.22471046 0.22316587 0.22160544 0.22002797 0.21843257 0.21681854 0.21518551 0.21353388 0.21186523 0.21018231 0.20848873 0.20678832 0.20508444 0.20337959 0.20167522 0.19997193
0.29746939 0.29488724 0.2924195 0.29006294 0.2878116 0.28565717 0.28358967 0.28159802 0.27967051 0.27779494 0.27595898 0.27415094 0.27236052 0.27057944 0.2688015 0.26702222 0.26523838 0.2634475 0.26164755 0.25983685 0.25801427 0.25617974 0.25433499 0.25248435 0.25063507 0.24879704 0.24698172 0.24520052 0.2434629 0.24177471 0.24013728 0.2385474 0.23699838 0.23548164 0.23398836 0.23251071 0.23104226 0.22957765 0.22811184 0.22663967 0.22515597 0.22365629 0.22213751 0.22059795 0.21903675 0.21745311 0.21584581 0.2142136 0.21255628 0.2108757 0.20917609 0.2074633 0.20574351 0.20402197 0.20230225 0.2005861 0.19887386
0.29517838 0.29255192 0.29006204 0.28770493 0.28547255 0.28335342 0.2813341 0.27940038 0.27753765 0.27573052 0.27396295 0.27221945 0.27048687 0.2687555 0.26701899 0.26527346 0.26351637 0.26174572 0.25995938 0.25815499 0.25633007 0.25448292 0.25261417 0.25072851 0.24883574 0.24695053 0.2450908 0.24327486 0.2415181 0.23982991 0.23821198 0.23665842 0.23515776 0.23369601 0.23225989 0.23083895 0.22942599 0.22801591 0.22660364 0.2251827 0.22374558 0.22228573 0.22079934 0.21928558 0.21774503 0.2161775 0.21458063 0.21295072 0.21128539 0.2095864 0.20786053 0.20611778 0.20436851 0.20262099 0.20088017 0.1991476 0.19742225
0.29206776 0.28940292 0.28690352 0.28456553 0.28237748 0.28032235 0.27838107 0.27653551 0.2747685 0.27306121 0.27139198 0.26973901 0.26808472 0.26641816 0.2647342 0.26303109 0.26130826 0.25956488 0.25779904 0.25600723 0.25418436 0.25232483 0.2504256 0.24849036 0.24653212 0.24457306 0.24264191 0.24076906 0.23898038 0.2372914 0.23570402 0.23420684 0.23277905 0.23139671 0.230039 0.22869201 0.22734936 0.22600901 0.22466769 0.22331671 0.2219432 0.22053574 0.21908943 0.21760649 0.2160921 0.21454847 0.21297086 0.21134897 0.20967394 0.20794624 0.20617786 0.20438743 0.20259315 0.20080818 0.19903915 0.19728628 0.19554469
0.28786926 0.28517406 0.2826849 0.2803983 0.27829606 0.27635009 0.27453033 0.27281394 0.27118495 0.2696227 0.26809577 0.26656958 0.26501877 0.26343267 0.26181125 0.26015819 0.25847701 0.25676947 0.25503427 0.25326658 0.25145692 0.24959079 0.24765495 0.24564841 0.24358838 0.24150929 0.23945869 0.23748909 0.23564581 0.2339555 0.23241977 0.23101569 0.22970344 0.22843978 0.22719071 0.22593803 0.22468046 0.22342724 0.22218281 0.2209339 0.21965314 0.21831631 0.21691681 0.21546627 0.21398336 0.21247839 0.21094189 0.20934587 0.20766237 0.20588717 0.20404554 0.20217612 0.20031212 0.19847399 0.19667002 0.19489731 0.19314187
0.28215276 0.27943417 0.27698803 0.2748103 0.27286799 0.27110996 0.26947789 0.26794221 0.26650699 0.26515947 0.26384577 0.26249969 0.26108024 0.25958443 0.25802894 0.25642879 0.25479454 0.25313314 0.25144403 0.2497218 0.24795304 0.24610334 0.24412987 0.24201792 0.23979267 0.23750911 0.23524859 0.23310677 0.23116707 0.22947703 0.22803646 0.22679834 0.22568149 0.22460255 0.22350543 0.22236619 0.22119809 0.22004588 0.21894187 0.21786083 0.2167309 0.21549209 0.21413656 0.21270408 0.21125142 0.20981442 0.20837639 0.20686064 0.20517935 0.20331405 0.20133224 0.19932448 0.19735123 0.1954394 0.19359717 0.19181855 0.19007136
0.2741442 0.27139335 0.26905621 0.26710283 0.26546596 0.26406223 0.26273112 0.26141561 0.26023658 0.25922829 0.25826209 0.25718109 0.25590829 0.25448257 0.25297657 0.25141953 0.24982848 0.24822761 0.24660944 0.24496762 0.24331023 0.24155889 0.23956591 0.23728398 0.23477373 0.23211877 0.22946269 0.22699581 0.22487915 0.22320039 0.22195167 0.22104062 0.22028443 0.21950278 0.21861966 0.21759922 0.21647524 0.21540701 0.21453223 0.21378869 0.21294769 0.21184519 0.21048787 0.20900055 0.20754621 0.20623602 0.20505873 0.20380156 0.20216263 0.20007868 0.19778487 0.19552163 0.19338156 0.19137498 0.18949883 0.1877633 0.1861147
0.26214548 0.2592693 0.25725431 0.25580306 0.25474882 0.25419215 0.25344743 0.25218609 0.2512864 0.25092444 0.25061437 0.24995464 0.24874328 0.24723287 0.24571762 0.24416899 0.24256521 0.24106995 0.23958206 0.23802917 0.23667355 0.23536375 0.23342526 0.23077522 0.22773763 0.22433039 0.22083562 0.21771101 0.21525138 0.21364289 0.21281244 0.21265015 0.21267486 0.2123346 0.21175588 0.21083498 0.20948613 0.20832283 0.20791645 0.20809484 0.20793106 0.20697434 0.20539203 0.203554 0.20195731 0.20087538 0.20046602 0.20016279 0.19870937 0.19586563 0.19272808 0.18999519 0.18764247 0.18556264 0.18365501 0.18208516 0.18089593
0.24068151 0.23709125 0.23660871 0.23675311 0.2361808 0.23880196 0.2405971 0.23684668 0.23618647 0.23786982 0.23888501 0.23915235 0.23716576 0.23461895 0.23305778 0.23155764 0.22929896 0.22838453 0.22743876 0.22531744 0.22488433 0.22619182 0.22438755 0.22018075 0.21622955 0.21078748 0.20502487 0.20055579 0.19727466 0.19616372 0.19628264 0.19822824 0.20098906 0.20037464 0.2002304 0.19978284 0.19640492 0.19416192 0.19500236 0.19940139 0.20113861 0.19972799 0.19693161 0.19311068 0.19116662 0.19016977 0.19249862 0.19701832 0.19627142 0.1891776 0.1831973 0.17991589 0.177522 0.17587438 0.17379931 0.17250805 0.17360083
0.19389219 0.18264289 0.18452548 0.19663901 0.17764846 0.19022274 0.24584145 0.17766329 0.1745377 0.20352011 0.1928179 0.2012659 0.17815104 0.15509641 0.16110486 0.17293173 0.15848837 0.18112026 0.19059495 0.17831434 0.19081533 0.21593318 0.20701642 0.19642661 0.19420237 0.18199969 0.1696925 0.16292031 0.15514082 0.15456274 0.15572195 0.15467517 0.18527866 0.16159657 0.15207403 0.16713354 0.11475785 0.096157289 0.088467139 0.18825178 0.1948336 0.16563862 0.15376876 0.11223464 0.13810115 0.13190182 0.16625608 0.2173645 0.20585408 0.16200201 0.15545889 0.15567841 0.15487179 0.15763682 0.15415574 0.15130436 0.16119484
0.19162588 0.18548145 0.17776066 0.18707923 0.18179045 0.17793523 0.18210763 0.14015781 0.12473008 0.11831283 0.1256509 0.27624316 0.15130437 0.1609293 0.23067594 0.19111045 0.18087789 0.19110776 0.18918361 0.18504075 0.20160778 0.19973877 0.19197028 0.19471127 0.20078836 0.20236204 0.1811363 0.1554919 0.15084504 0.15116826 0.15008485 0.14220584 0.14967313 0.17634983 0.15202172 0.18979431 0.20669025 0.095877666 0.094928626 0.096422819 0.18201843 0.16756248 0.15594432 0.19884806 0.14102876 0.14295238 0.14159146 0.19465847 0.18605861 0.1836015 0.1944754 0.16216429 0.16487241 0.15794209 0.14375091 0.14058134 0.14201062
0.20830113 0.19312782 0.17718397 0.17419928 0.17646639 0.20106006 0.20088438 0.1330101 0.14217017 0.21240476 0.18899634 0.2497775 0.092327756 0.25511409 0.13728283 0.20937996 0.21964797 0.20281632 0.20346713 0.19681988 0.21726091 0.20073518 0.19176397 0.19748005 0.19717093 0.20682329 0.19197432 0.16180236 0.15233083 0.15284171 0.14848448 0.14325212 0.15493509 0.17799873 0.1749184 0.18131596 0.19013703 0.22626226 0.16225806 0.095507548 0.10898545 0.23015734 0.20938554 0.21653038 0.18718281 0.21005987 0.14116449 0.19720932 0.18458235 0.20149066 0.19602972 0.16578832 0.15648467 0.16697869 0.15768964 0.14412041 0.14983611
0.18305089 0.17529282 0.16813321 0.16231412 0.15771994 0.14990133 0.14485276 0.145496 0.14857387 0.11972868 0.24843476 0.095609519 0.17536705 0.2574912 0.11390558 0.12102595 0.1762755 0.1845992 0.19800415 0.21850698 0.20273071 0.19981566 0.19995978 0.19248356 0.19535724 0.20006723 0.19857962 0.17815577 0.15558488 0.15526332 0.15024895 0.14447467 0.14961806 0.19208177 0.2083132 0.22103951 0.15670169 0.22674412 0.10249396 0.09602069 0.086896513 0.084108238 0.19948156 0.21947271 0.16424656 0.1647404 0.15835816 0.17414757 0.14885651 0.16079001 0.16911148 0.18436233 0.17357041 0.15231612 0.14151699 0.14122491 0.13794557
0.18160653 0.18322464 0.17298805 0.1648841 0.15683629 0.15415684 0.1443221 0.13970426 0.14123991 0.12747045 0.18565428 0.1273535 0.25209562 0.20097637 0.10229112 0.12008573 0.20972343 0.25696392 0.22097886 0.19326981 0.19553502 0.19183527 0.19165843 0.19079686 0.18997263 0.18979646 0.18948252 0.17461667 0.15448786 0.15058543 0.1495375 0.15130795 0.14877847 0.14775859 0.1542242 0.1949165 0.15439122 0.18861488 0.16022317 0.19775291 0.15338246 0.089952068 0.12622727 0.1698296 0.16454824 0.18972125 0.20494035 0.16354378 0.13416613 0.12906059 0.13340543 0.15387093 0.15684428 0.14203074 0.13837005 0.13553659 0.12566121
0.19375083 0.19995966 0.17988305 0.17456532 0.16002742 0.15432803 0.15764727 0.13974029 0.14405948 0.24192594 0.23853384 0.24529481 0.25492461 0.17979731 0.25577688 0.26762202 0.28245754 0.24050236 0.24264661 0.17232623 0.18809548 0.21132678 0.20779965 0.2103393 0.19591583 0.18615205 0.1806152 0.16698883 0.15366632 0.15919704 0.1703353 0.15124773 0.14946695 0.15665223 0.19143422 0.21765145 0.17546143 0.16595946 0.18498343 0.19825217 0.1661649 0.16782859 0.2444845 0.25947486 0.24516319 0.1835741 0.18139987 0.18161844 0.13345508 0.12576085 0.12763861 0.13071128 0.13175413 0.12940994 0.12738375 0.12924493 0.12989067
0.18839107 0.18938558 0.18943161 0.17744765 0.16471377 0.16278396 0.16011748 0.1468436 0.13727052 0.12166214 0.1182938 0.22567137 0.12178512 0.18004986 0.26149304 0.15334846 0.20324829 0.23900792 0.1581038 0.16467711 0.16982439 0.18428605 0.18322141 0.19604656 0.19771509 0.18803651 0.18011092 0.16700858 0.1543917 0.15729282 0.16848114 0.1719055 0.17855621 0.15056027 0.18522578 0.19790216 0.16693932 0.19681857 0.16277723 0.12604015 0.20184852 0.2478544 0.234938 0.25795353 0.22260754 0.17730113 0.18139495 0.14140588 0.12618283 0.12205132 0.12298421 0.12281626 0.12263422 0.12341987 0.12394889 0.1242962 0.12533211
