landslides_training_model/shapes/shapes_exact_point/support_vector_machine_suc.tif
NCOLS 441
NROWS 451
XLLCORNER -92.213079
YLLCORNER 13.747265
DX 0.0090151111
DY 0.0090031242
NODATA_VALUE -9999
[rows 100 to 124 of 451, columns 342 to 398 of 441]
0.14875065 0.14819648 0.14812033 0.14833871 0.14874957 0.1492917 0.14992609 0.15062672 0.15137555 0.15215967 0.15296965 0.15379845 0.15464073 0.15549237 0.15635016 0.15721159 0.15807466 0.15893778 0.15979967 0.16065928 0.16151579 0.16236851 0.16321688 0.16406045 0.16489885 0.16573176 0.16655895 0.1673802 0.16819536 0.1690043 0.1698069 0.17060308 0.17139279 0.17217596 0.17295258 0.17372261 0.17448604 0.17524286 0.17599309 0.17673671 0.17747376 0.17820424 0.17892818 0.1796456 0.18035653 0.181061 0.18175904 0.18245068 0.18313596 0.18381493 0.1844876 0.18515403 0.18581426 0.18646832 0.18711626 0.18775812 0.18839394
0.14936565 0.14890403 0.14887067 0.14910751 0.1495246 0.15006664 0.15069768 0.15139328 0.15213624 0.15291415 0.15371784 0.15454039 0.15537653 0.15622218 0.15707415 0.15792992 0.15878748 0.15964524 0.1605019 0.16135641 0.16220793 0.16305577 0.16389935 0.16473822 0.16557199 0.16640036 0.16722307 0.16803992 0.16885073 0.16965538 0.17045375 0.17124575 0.17203132 0.17281042 0.17358299 0.17434903 0.17510851 0.17586142 0.17660777 0.17734756 0.17808081 0.17880753 0.17952774 0.18024146 0.18094873 0.18164956 0.182344 0.18303207 0.18371381 0.18438925 0.18505844 0.18572141 0.18637819 0.18702884 0.18767339 0.18831188 0.18894435
0.14991616 0.14956736 0.14958966 0.14985365 0.15028311 0.15082959 0.15146069 0.15215391 0.15289313 0.15366653 0.1544653 0.15528272 0.15611365 0.15695408 0.15780086 0.1586515 0.15950399 0.16035676 0.1612085 0.16205817 0.16290492 0.16374805 0.16458699 0.16542129 0.16625055 0.16707446 0.16789277 0.16870527 0.16951179 0.17031218 0.17110635 0.17189419 0.17267565 0.17345067 0.17421921 0.17498125 0.17573677 0.17648577 0.17722823 0.17796418 0.17869361 0.17941654 0.180133 0.18084301 0.18154659 0.18224376 0.18293457 0.18361904 0.1842972 0.18496909 0.18563476 0.18629423 0.18694754 0.18759474 0.18823586 0.18887095 0.18950004
0.15044849 0.15021243 0.15029183 0.15058549 0.15103007 0.1515836 0.1522171 0.15290996 0.15364714 0.15441748 0.15521253 0.15602583 0.1568524 0.15768832 0.1585305 0.1593765 0.16022434 0.16107246 0.16191957 0.16276464 0.16360682 0.16444543 0.16527988 0.16610972 0.16693457 0.16775411 0.16856809 0.16937629 0.17017856 0.17097473 0.17176472 0.17254842 0.17332578 0.17409673 0.17486124 0.17561928 0.17637084 0.17711591 0.17785448 0.17858655 0.17931215 0.18003129 0.18074397 0.18145023 0.1821501 0.18284359 0.18353073 0.18421157 0.18488613 0.18555444 0.18621655 0.18687249 0.18752229 0.18816601 0.18880367 0.18943531 0.19006099
0.15101006 0.15086274 0.15099019 0.15131064 0.15177015 0.15233167 0.15296891 0.15366282 0.15439929 0.15516775 0.15596012 0.1567702 0.15759316 0.1584252 0.15926333 0.16010514 0.16094871 0.16179251 0.16263526 0.16347596 0.16431377 0.165148 0.16597809 0.16680359 0.16762412 0.16843936 0.16924907 0.17005303 0.17085108 0.17164307 0.1724289 0.17320848 0.17398173 0.17474862 0.1755091 0.17626314 0.17701072 0.17775185 0.1784865 0.1792147 0.17993644 0.18065175 0.18136064 0.18206313 0.18275926 0.18344903 0.18413249 0.18480966 0.18548058 0.18614529 0.18680381 0.18745618 0.18810244 0.18874264 0.1893768 0.19000497 0.19062719
0.15162579 0.15153271 0.15169337 0.15203452 0.15250694 0.15307628 0.15371791 0.15441382 0.15515061 0.15591815 0.15670872 0.15751635 0.15833636 0.1591651 0.15999964 0.16083768 0.16167733 0.16251709 0.16335574 0.16419227 0.16502587 0.16585588 0.16668173 0.16750299 0.16831928 0.16913029 0.16993578 0.17073553 0.17152939 0.17231722 0.17309891 0.17387437 0.17464354 0.17540636 0.1761628 0.17691283 0.17765643 0.17839359 0.17912432 0.17984861 0.18056648 0.18127794 0.18198301 0.18268171 0.18337406 0.18406009 0.18473983 0.18541331 0.18608056 0.18674162 0.18739652 0.18804529 0.18868798 0.18932461 0.18995524 0.1905799 0.19119863
0.15229639 0.15222542 0.15240435 0.15275967 0.15324252 0.15381915 0.15446551 0.15516414 0.15590205 0.1566695 0.15745901 0.15826483 0.15908248 0.1599084 0.1607398 0.16157442 0.16241045 0.16324644 0.16408119 0.16491373 0.16574328 0.16656919 0.16739091 0.16820801 0.16902012 0.16982696 0.17062827 0.17142386 0.17221356 0.17299724 0.1737748 0.17454615 0.17531122 0.17606997 0.17682236 0.17756837 0.17830797 0.17904116 0.17976793 0.1804883 0.18120227 0.18190986 0.18261108 0.18330595 0.18399451 0.18467676 0.18535276 0.18602251 0.18668606 0.18734343 0.18799467 0.18863981 0.18927888 0.18991193 0.19053899 0.19116009 0.19177529
0.1530066 0.15293427 0.15312087 0.15348587 0.15397759 0.1545613 0.15521281 0.1559148 0.15665456 0.15742259 0.15821167 0.15901626 0.15983202 0.16065556 0.16148416 0.16231567 0.16314834 0.16398077 0.16481181 0.16564053 0.16646615 0.16728806 0.16810573 0.16891874 0.16972675 0.17052945 0.17132662 0.17211806 0.17290362 0.17368317 0.1744566 0.17522383 0.17598481 0.17673948 0.17748781 0.17822978 0.17896536 0.17969455 0.18041736 0.18113378 0.18184382 0.18254751 0.18324485 0.18393587 0.1846206 0.18529905 0.18597125 0.18663725 0.18729706 0.18795072 0.18859827 0.18923974 0.18987516 0.19050457 0.19112802 0.19174554 0.19235716
0.15372817 0.15364587 0.15383716 0.15421111 0.1547119 0.15530328 0.15596066 0.15666673 0.15740901 0.15817823 0.15896743 0.15977125 0.16058553 0.16140703 0.16223313 0.16306178 0.1638913 0.16472036 0.16554784 0.16637285 0.16719465 0.16801265 0.16882634 0.16963532 0.17043925 0.17123785 0.17203091 0.17281822 0.17359964 0.17437505 0.17514436 0.17590747 0.17666434 0.17741492 0.17815917 0.17889708 0.17962862 0.1803538 0.1810726 0.18178505 0.18249114 0.18319089 0.18388433 0.18457146 0.18525232 0.18592694 0.18659533 0.18725753 0.18791357 0.18856348 0.1892073 0.18984505 0.19047679 0.19110254 0.19172234 0.19233623 0.19294425
0.15442635 0.15434468 0.15454657 0.15493296 0.15544504 0.15604559 0.1567099 0.15742088 0.15816632 0.15893727 0.15972702 0.16053044 0.16134357 0.16216328 0.16298712 0.16381311 0.16463965 0.16546546 0.16628949 0.16711089 0.16792896 0.16874311 0.16955287 0.17035785 0.17115774 0.17195226 0.17274121 0.17352439 0.17430168 0.17507296 0.17583812 0.1765971 0.17734985 0.17809631 0.17883647 0.17957029 0.18029777 0.18101889 0.18173367 0.18244211 0.18314422 0.18384001 0.18452951 0.18521272 0.18588969 0.18656043 0.18722497 0.18788334 0.18853557 0.18918169 0.18982175 0.19045576 0.19108377 0.19170581 0.19232193 0.19293215 0.19353652
0.15507423 0.15501927 0.15524468 0.15565025 0.15617727 0.15678909 0.1574616 0.15817831 0.15892749 0.15970059 0.16049122 0.16129451 0.1621067 0.16292483 0.16374656 0.16457002 0.16539369 0.16621636 0.16703703 0.16785488 0.16866925 0.1694796 0.17028546 0.17108647 0.17188232 0.17267277 0.17345761 0.17423666 0.17500981 0.17577693 0.17653794 0.17729277 0.17804137 0.17878369 0.17951972 0.18024943 0.18097281 0.18168987 0.18240059 0.18310499 0.18380308 0.18449487 0.18518039 0.18585966 0.18653269 0.18719952 0.18786017 0.18851468 0.18916306 0.18980536 0.19044161 0.19107184 0.19169609 0.19231439 0.19292678 0.19353329 0.19413398
0.15566448 0.15566756 0.15593179 0.15636422 0.15691015 0.15753531 0.15821718 0.15894027 0.15969359 0.16046911 0.16126083 0.16206415 0.16287553 0.16369218 0.16451189 0.1653329 0.16615376 0.16697334 0.16779069 0.16860502 0.16941573 0.17022228 0.17102425 0.17182129 0.17261311 0.17339947 0.17418019 0.1749551 0.17572408 0.17648703 0.17724386 0.17799451 0.17873893 0.17947709 0.18020896 0.18093453 0.18165378 0.18236673 0.18307336 0.18377368 0.18446772 0.18515548 0.18583699 0.18651227 0.18718134 0.18784422 0.18850094 0.18915154 0.18979605 0.19043448 0.19106689 0.1916933 0.19231374 0.19292826 0.19353688 0.19413965 0.1947366
0.15621212 0.15629849 0.15661375 0.15707897 0.15764667 0.15828657 0.15897844 0.15970822 0.16046582 0.16124383 0.16203667 0.16284004 0.16365063 0.16446583 0.16528354 0.16610211 0.16692019 0.16773669 0.16855071 0.16936154 0.17016857 0.17097132 0.17176939 0.17256244 0.17335021 0.17413247 0.17490904 0.17567978 0.17644457 0.17720331 0.17795593 0.17870236 0.17944258 0.18017654 0.18090422 0.1816256 0.1823407 0.18304949 0.18375199 0.18444821 0.18513815 0.18582185 0.18649931 0.18717056 0.18783561 0.18849451 0.18914727 0.18979393 0.19043451 0.19106904 0.19169757 0.19232011 0.19293671 0.19354741 0.19415223 0.19475121 0.19534439
0.15674981 0.15692994 0.15730092 0.15780088 0.15839102 0.15904575 0.15974748 0.16048374 0.16124542 0.16202575 0.16281955 0.16362287 0.16443259 0.16524627 0.16606194 0.16687803 0.16769329 0.16850667 0.16931735 0.17012464 0.17092797 0.1717269 0.17252103 0.17331006 0.17409374 0.17487186 0.17564425 0.17641078 0.17717134 0.17792583 0.1786742 0.17941638 0.18015235 0.18088206 0.18160551 0.18232268 0.18303357 0.18373817 0.1844365 0.18512857 0.18581438 0.18649397 0.18716734 0.18783452 0.18849553 0.1891504 0.18979916 0.19044183 0.19107845 0.19170904 0.19233364 0.19295229 0.193565 0.19417183 0.1947728 0.19536796 0.19595733
0.15731779 0.15758367 0.1580057 0.15853736 0.15914786 0.15981593 0.16052645 0.1612684 0.16203359 0.1628158 0.16361027 0.16441329 0.16522196 0.16603398 0.16684749 0.16766102 0.16847337 0.16928358 0.17009085 0.17089454 0.17169412 0.17248916 0.1732793 0.17406427 0.17484381 0.17561774 0.1763859 0.17714817 0.17790445 0.17865465 0.17939872 0.18013661 0.18086827 0.1815937 0.18231287 0.18302578 0.18373241 0.18443279 0.1851269 0.18581478 0.18649642 0.18717185 0.18784109 0.18850416 0.18916108 0.18981189 0.1904566 0.19109525 0.19172786 0.19235447 0.19297511 0.19358981 0.1941986 0.19480152 0.19539861 0.19598989 0.19657541
0.15795169 0.15827941 0.1587394 0.15929517 0.1599214 0.16059987 0.16131726 0.16206362 0.1628314 0.16361485 0.16440951 0.16521189 0.16601925 0.16682938 0.16764057 0.16845139 0.16926073 0.17006765 0.17087142 0.17167143 0.17246718 0.17325827 0.17404436 0.17482518 0.17560053 0.17637021 0.17713408 0.17789203 0.17864397 0.17938983 0.18012954 0.18086307 0.18159039 0.18231148 0.18302632 0.18373491 0.18443725 0.18513335 0.18582321 0.18650684 0.18718426 0.1878555 0.18852056 0.18917948 0.18983227 0.19047897 0.19111959 0.19175417 0.19238274 0.19300532 0.19362196 0.19423267 0.1948375 0.19543647 0.19602962 0.196617 0.19719862
0.15867313 0.15902993 0.15950962 0.16007897 0.16071462 0.16139961 0.16212137 0.16287046 0.16363971 0.16442361 0.16521788 0.16601919 0.16682488 0.16763289 0.16844153 0.16924947 0.17005563 0.17085914 0.1716593 0.17245552 0.17324734 0.17403437 0.17481632 0.17559293 0.17636399 0.17712935 0.17788886 0.17864243 0.17938996 0.1801314 0.1808667 0.18159582 0.18231874 0.18303543 0.18374589 0.18445011 0.18514811 0.18583987 0.18652542 0.18720476 0.18787792 0.18854491 0.18920576 0.18986048 0.19050909 0.19115163 0.19178813 0.1924186 0.19304308 0.19366159 0.19427418 0.19488086 0.19548168 0.19607666 0.19666585 0.19724927 0.19782695
0.15948679 0.15983867 0.16031874 0.16089041 0.16152875 0.16221608 0.16293953 0.1636896 0.1644591 0.16524259 0.16603584 0.16683559 0.16763926 0.16844483 0.16925068 0.17005553 0.17085834 0.17165828 0.17245467 0.17324697 0.17403474 0.17481762 0.17559533 0.17636762 0.17713431 0.17789525 0.17865032 0.17939942 0.18014248 0.18087944 0.18161025 0.18233489 0.18305334 0.18376557 0.18447159 0.18517139 0.18586498 0.18655236 0.18723355 0.18790856 0.1885774 0.1892401 0.18989668 0.19054715 0.19119155 0.19182989 0.19246221 0.19308852 0.19370887 0.19432327 0.19493177 0.19553438 0.19613115 0.1967221 0.19730727 0.19788669 0.19846039
0.16038172 0.1606996 0.16116358 0.16172794 0.16236311 0.16304908 0.16377184 0.16452125 0.16528986 0.1660721 0.16686371 0.16766142 0.16846269 0.1692655 0.1700683 0.17086983 0.17166908 0.17246527 0.17325773 0.17404597 0.17482955 0.17560815 0.17638149 0.17714936 0.17791157 0.178668 0.17941853 0.18016308 0.18090158 0.18163397 0.18236023 0.18308032 0.18379423 0.18450194 0.18520345 0.18589877 0.18658789 0.18727084 0.18794761 0.18861822 0.1892827 0.18994106 0.19059332 0.1912395 0.19187963 0.19251373 0.19314182 0.19376394 0.19438011 0.19499036 0.19559472 0.19619322 0.19678589 0.19737276 0.19795387 0.19852925 0.19909893
0.16133254 0.1615985 0.16203631 0.16258726 0.16321539 0.16389745 0.16461773 0.16536522 0.16613202 0.1669123 0.16770171 0.16849693 0.1692954 0.17009515 0.17089462 0.17169258 0.17248806 0.1732803 0.17406866 0.17485266 0.17563191 0.17640608 0.17717492 0.17793824 0.17869587 0.17944767 0.18019357 0.18093346 0.18166731 0.18239505 0.18311667 0.18383213 0.18454142 0.18524454 0.18594148 0.18663225 0.18731685 0.1879953 0.1886676 0.18933377 0.18999383 0.19064779 0.19129568 0.19193752 0.19257333 0.19320314 0.19382697 0.19444484 0.19505679 0.19566284 0.19626302 0.19685736 0.19744589 0.19802864 0.19860565 0.19917694 0.19974256
0.16230318 0.16251604 0.16292635 0.16346251 0.16408233 0.16475937 0.16547625 0.16622106 0.1669854 0.16776319 0.16854994 0.16934227 0.17013761 0.17093398 0.17172984 0.17252398 0.17331547 0.17410354 0.1748876 0.1756672 0.17644194 0.17721153 0.17797573 0.17873436 0.17948727 0.18023434 0.18097548 0.18171062 0.18243971 0.18316271 0.1838796 0.18459034 0.18529495 0.1859934 0.1866857 0.18737185 0.18805186 0.18872575 0.18939352 0.19005519 0.19071077 0.19136029 0.19200376 0.19264121 0.19327266 0.19389813 0.19451764 0.19513122 0.1957389 0.19634071 0.19693666 0.1975268 0.19811115 0.19868973 0.1992626 0.19982976 0.20039127
0.16325662 0.1634328 0.16382302 0.16434765 0.16496047 0.16563288 0.16634631 0.16708819 0.16784975 0.16862471 0.16940845 0.17019757 0.17098946 0.17178216 0.17257414 0.17336421 0.17415146 0.17493515 0.17571471 0.1764897 0.17725975 0.1780246 0.178784 0.1795378 0.18028585 0.18102805 0.18176432 0.18249459 0.18321882 0.18393698 0.18464904 0.18535499 0.18605482 0.18674853 0.18743611 0.18811758 0.18879294 0.1894622 0.19012538 0.19078248 0.19143354 0.19207856 0.19271756 0.19335057 0.1939776 0.19459868 0.19521383 0.19582308 0.19642644 0.19702396 0.19761564 0.19820153 0.19878165 0.19935603 0.1999247 0.20048769 0.20104504
0.16416743 0.16433491 0.16471834 0.16523795 0.16584697 0.16651628 0.16722693 0.16796609 0.16872483 0.16949677 0.17027728 0.17106291 0.17185109 0.17263985 0.17342768 0.17421343 0.17499619 0.17577527 0.17655012 0.1773203 0.17808547 0.17884538 0.17959982 0.18034863 0.18109168 0.18182887 0.18256014 0.18328542 0.18400468 0.18471789 0.18542503 0.18612609 0.18682106 0.18750994 0.18819273 0.18886943 0.18954007 0.19020464 0.19086317 0.19151565 0.19216212 0.19280258 0.19343706 0.19406558 0.19468815 0.19530479 0.19591553 0.19652039 0.1971194 0.19771258 0.19829995 0.19888154 0.19945739 0.20002751 0.20059194 0.20115072 0.20170386
0.16503012 0.16521757 0.16560867 0.16613086 0.16674014 0.1674085 0.16811746 0.16885439 0.16961046 0.17037935 0.17115647 0.17193841 0.17272263 0.17350718 0.17429061 0.17507178 0.17584981 0.17662404 0.17739393 0.17815909 0.17891919 0.17967398 0.18042327 0.18116691 0.1819048 0.18263684 0.18336297 0.18408314 0.18479731 0.18550547 0.18620758 0.18690365 0.18759367 0.18827763 0.18895555 0.18962742 0.19029326 0.19095308 0.19160688 0.19225469 0.19289651 0.19353237 0.19416227 0.19478624 0.19540429 0.19601645 0.19662273 0.19722316 0.19781776 0.19840655 0.19898957 0.19956682 0.20013835 0.20070417 0.20126433 0.20181884 0.20236774
0.16585758 0.16608463 0.16649482 0.16702623 0.1676396 0.1683092 0.16901767 0.16975297 0.17050662 0.1712725 0.17204612 0.17282419 0.17360421 0.17438431 0.17516307 0.17593939 0.17671244 0.17748157 0.17824628 0.17900618 0.17976098 0.18051044 0.1812544 0.18199271 0.18272527 0.18345201 0.18417286 0.18488777 0.18559673 0.18629971 0.18699669 0.18768767 0.18837264 0.18905161 0.18972457 0.19039154 0.19105251 0.1917075 0.19235653 0.19299959 0.19363671 0.19426789 0.19489317 0.19551254 0.19612602 0.19673365 0.19733542 0.19793137 0.19852152 0.19910588 0.19968449 0.20025736 0.20082453 0.20138601 0.20194183 0.20249204 0.20303664
