landslides_training_model/shapes/shapes_exact_point/support_vector_machine_suc.tif
NCOLS 441
NROWS 451
XLLCORNER -92.213079
YLLCORNER 13.747265
DX 0.0090151111
DY 0.0090031242
NODATA_VALUE -9999
[rows 275 to 299 of 451, columns 57 to 113 of 441]
0.62671625 0.60062612 0.62982034 0.62404626 0.63927844 0.66472025 0.65174842 0.62995738 0.63442599 0.63297741 0.59377464 0.6781835 0.63569977 0.63308086 0.63602004 0.63832655 0.64349796 0.65683698 0.7514638 0.58278037 0.82413977 0.80512043 0.73383169 0.79745737 0.81384037 0.68222899 0.76235795 0.66535444 0.65117472 0.6539471 0.71241802 0.71541328 0.70051733 0.67089065 0.68919411 0.70754509 0.70592854 0.6789247 0.64586585 0.64545525 0.61228006 0.5442324 0.58305768 0.60326533 0.58027409 0.58188286 0.58258704 0.58220596 0.57968986 0.57544032 0.57883197 0.58067249 0.57888008 0.57727264 0.57483184 0.56978266 0.56036039
0.56493657 0.55168689 0.59370003 0.63418896 0.65619749 0.65379251 0.64148487 0.63623959 0.61868392 0.60969606 0.57302809 0.63862604 0.65621247 0.62429302 0.6502868 0.6411469 0.65351669 0.67043351 0.79554939 0.76926068 0.8197331 0.81356678 0.81591785 0.80237544 0.76465727 0.74449316 0.61960697 0.64654023 0.64367709 0.62130727 0.65330602 0.68701622 0.7041447 0.70600859 0.70972372 0.71147274 0.69491544 0.68346626 0.69412299 0.69165279 0.62860499 0.57632857 0.5635303 0.56351457 0.58260374 0.57959596 0.57905494 0.57605824 0.57334156 0.5040531 0.57331927 0.61105443 0.57236995 0.56939619 0.56399999 0.55338248 0.5045174
0.57818929 0.61951984 0.64697256 0.63063084 0.64605987 0.66466988 0.66052956 0.66682155 0.66336185 0.63169717 0.64882737 0.69637283 0.63095918 0.59027394 0.74154712 0.52859075 0.6748238 0.67926604 0.74895814 0.78220602 0.82195874 0.802824 0.81511126 0.78979731 0.77335895 0.51749338 0.63814661 0.64402822 0.64098085 0.59678161 0.6599839 0.61909927 0.68301888 0.64948218 0.68447503 0.70784533 0.68286188 0.68444763 0.71605522 0.70800391 0.68145864 0.65564165 0.58910436 0.57887318 0.54651386 0.53245319 0.56489665 0.52608634 0.61991008 0.41802049 0.63243013 0.49080467 0.57663212 0.55737064 0.52949394 0.48166941 0.42509633
0.60382949 0.61488956 0.64182549 0.61773032 0.62634593 0.64742418 0.64125813 0.64811278 0.66448513 0.64004799 0.64639091 0.70697242 0.72609762 0.76733274 0.75383408 0.77695831 0.81338095 0.69394826 0.6920262 0.75959957 0.81946641 0.82367688 0.76729256 0.65881291 0.55385234 0.64433597 0.64612128 0.64579009 0.64392018 0.64167296 0.64456295 0.64733263 0.65996832 0.65819605 0.66052634 0.66621654 0.66535591 0.66870717 0.67799508 0.68758247 0.69548293 0.68824359 0.68060261 0.6650497 0.60887699 0.5351577 0.49528221 0.44673925 0.5912006 0.52471621 0.59296547 0.36927571 0.59301602 0.48838599 0.59542706 0.58412042 0.51168
0.62699189 0.62669233 0.63749886 0.63248673 0.65307876 0.66381258 0.64630752 0.65774652 0.68190536 0.63668958 0.6504476 0.64837527 0.7219228 0.76344054 0.75228491 0.70001305 0.7464175 0.77539332 0.70464376 0.70393777 0.70084928 0.69149743 0.68457449 0.75919196 0.66498801 0.65580352 0.65243315 0.64983653 0.64828793 0.64787353 0.64872129 0.65056907 0.65340616 0.65554916 0.65801651 0.66167074 0.66666481 0.67717511 0.70106708 0.72043413 0.70094469 0.65852444 0.67670609 0.65130917 0.60928096 0.5298142 0.52434559 0.52249046 0.50228404 0.54003856 0.48377347 0.3277811 0.31582372 0.46353299 0.46074288 0.47197515 0.50437839
0.60515099 0.64592422 0.60193799 0.58898188 0.64637565 0.66619654 0.64631322 0.66978776 0.71020681 0.70318996 0.70394153 0.69855485 0.70781872 0.76847144 0.71626293 0.73363443 0.80618533 0.77871079 0.80935027 0.82636728 0.7940904 0.69123448 0.68079149 0.67696419 0.6705337 0.66741845 0.65943816 0.65467974 0.6533558 0.6537215 0.65473259 0.65603598 0.65760612 0.65974505 0.66323728 0.66940878 0.68207929 0.7096671 0.73174861 0.7268236 0.68456246 0.63066097 0.68113046 0.67841078 0.59740401 0.54964919 0.54387583 0.59993554 0.5191123 0.46375891 0.54085461 0.48406509 0.43559277 0.48408287 0.43182359 0.53863608 0.56633873
0.63498302 0.6704052 0.6668457 0.65211918 0.66362314 0.68652757 0.69378106 0.70302406 0.72403155 0.72477145 0.73898802 0.73533318 0.76046546 0.76336946 0.77775265 0.77976397 0.79383544 0.79711123 0.75523336 0.79382013 0.78188337 0.6990482 0.68769024 0.68833485 0.68203704 0.7248046 0.65561309 0.65480455 0.65763832 0.66185179 0.66452806 0.66611256 0.66703822 0.66919652 0.67465861 0.68733316 0.71823578 0.73793264 0.73919636 0.72486345 0.69321821 0.67953538 0.67477564 0.6821421 0.65982039 0.60940777 0.64033103 0.61697662 0.5668723 0.59370365 0.45508691 0.61214848 0.58484455 0.72315103 0.71760779 0.58934347 0.5870223
0.59132252 0.64170854 0.64911631 0.61794673 0.62977593 0.64649781 0.66089352 0.69745068 0.72527418 0.72450435 0.72663236 0.74299229 0.73637375 0.74786655 0.76457812 0.69844333 0.72812119 0.76701391 0.71921598 0.78634628 0.72962818 0.77158742 0.66216701 0.77616789 0.70520375 0.6895419 0.6758415 0.59362748 0.66226666 0.67488863 0.68471515 0.68665643 0.68367336 0.68458134 0.69553989 0.72457871 0.74136564 0.7416035 0.72359356 0.70695462 0.69012844 0.61294915 0.6192009 0.64914657 0.60881389 0.67704004 0.68737771 0.56312512 0.54125835 0.52043048 0.5162285 0.57722945 0.64529083 0.54326822 0.6336087 0.57642613 0.62937322
0.66346935 0.67995235 0.66054856 0.65257676 0.66356937 0.65593939 0.66133765 0.70062997 0.72055825 0.7178144 0.73730525 0.71217126 0.74758283 0.77884083 0.77482372 0.75694419 0.78987345 0.76030359 0.79766009 0.78194433 0.78451331 0.75021265 0.86094846 0.84599847 0.81213229 0.71685686 0.70451259 0.68816173 0.68593839 0.69725149 0.74232591 0.72697763 0.71290622 0.71178833 0.74041252 0.74547029 0.74034723 0.7420675 0.73182443 0.7064452 0.70155193 0.72530738 0.70338518 0.66419182 0.65542062 0.68192918 0.71223197 0.66226218 0.63374886 0.59798963 0.48565304 0.72711028 0.58314817 0.68800995 0.69141405 0.51459214 0.65750586
0.71360363 0.71190235 0.70923582 0.67338244 0.6827446 0.65120338 0.64758184 0.69637562 0.69685007 0.70893924 0.72079378 0.73456333 0.75680322 0.77219542 0.77145309 0.74798121 0.7726905 0.61432098 0.79620724 0.78767092 0.76862061 0.75757025 0.83418784 0.83684329 0.83454778 0.82268089 0.82135911 0.7198399 0.71115802 0.75267297 0.75929074 0.76093366 0.76525494 0.76472119 0.75524885 0.75012679 0.74417614 0.74362949 0.72384268 0.70414117 0.73255531 0.73317332 0.73587673 0.71087224 0.68993488 0.68586039 0.72462138 0.61854507 0.51913774 0.68052678 0.66361438 0.53791798 0.76169824 0.71030619 0.78433767 0.55413703 0.74562741
0.68023923 0.68069188 0.68784216 0.68392058 0.69342604 0.68099593 0.66695664 0.67912319 0.69977103 0.70972575 0.71535194 0.71635034 0.74107953 0.76369879 0.67687379 0.6220811 0.72039867 0.76361054 0.73309872 0.68427809 0.72011395 0.79445545 0.76702776 0.79962758 0.78365629 0.80796026 0.76969737 0.78442957 0.76205762 0.75997749 0.7727595 0.75378925 0.75365136 0.75837124 0.73991367 0.72328356 0.71215914 0.72392552 0.73692314 0.72913739 0.71892533 0.71633076 0.71651685 0.69718507 0.69539327 0.69032071 0.7257485 0.70510821 0.6994466 0.55538295 0.69641106 0.76795941 0.63256946 0.74722893 0.72250529 0.75502986 0.65091337
0.69399781 0.70696554 0.70033792 0.71014539 0.70575664 0.68372882 0.69020281 0.69082234 0.66744718 0.6977445 0.70051925 0.69772688 0.73672564 0.76733956 0.74446513 0.77778235 0.77697589 0.71467305 0.78390808 0.60269446 0.66022238 0.76837406 0.73079934 0.76649508 0.60739032 0.72853016 0.76466352 0.73974177 0.79553013 0.78912268 0.75522243 0.71291108 0.75165413 0.72692118 0.7408533 0.74018423 0.74494733 0.74279056 0.73254098 0.73466761 0.74254586 0.74340903 0.71587615 0.72031974 0.66902092 0.76311257 0.72858081 0.6589271 0.72322528 0.65321998 0.77672949 0.77014443 0.67159508 0.78210985 0.78407974 0.71482828 0.74515057
0.7256395 0.72899933 0.72623836 0.71228803 0.71842411 0.703691 0.70168771 0.6993668 0.66692888 0.65435133 0.62920656 0.66704397 0.71119078 0.76619159 0.76304278 0.79322359 0.78665546 0.74974522 0.79288217 0.73139255 0.64455077 0.66968932 0.7641053 0.73539648 0.78569513 0.80824721 0.80324805 0.80281154 0.76464451 0.75205358 0.73094115 0.74509672 0.75917767 0.75695738 0.71304303 0.6958242 0.72356255 0.74261802 0.72132369 0.71568329 0.75165878 0.74541968 0.71948422 0.7318251 0.76105585 0.77258377 0.77303052 0.76931818 0.69857594 0.74437955 0.81622365 0.78870019 0.78913308 0.64085331 0.73966381 0.76321925 0.6384369
0.70883645 0.70684922 0.70142608 0.70068855 0.71152262 0.70942523 0.70289329 0.69501528 0.67475103 0.65231689 0.66221339 0.69303426 0.70542073 0.73445851 0.67599239 0.76946804 0.80339938 0.77995565 0.801245 0.80159806 0.69787069 0.60118142 0.71628954 0.80762267 0.77070645 0.77204924 0.79076053 0.7843315 0.76996002 0.75800764 0.73814525 0.73099333 0.75880576 0.72153577 0.68120407 0.66974611 0.6929723 0.71922109 0.72053771 0.72408367 0.74107194 0.7370096 0.72672342 0.72756831 0.76096443 0.75435608 0.77742435 0.78266886 0.73944727 0.8072382 0.82344156 0.7539033 0.74896833 0.75664078 0.6066905 0.66477285 0.63147507
0.76344351 0.76066113 0.73550554 0.72785108 0.69546124 0.70559784 0.72749618 0.71395958 0.69413645 0.69429619 0.69165168 0.6492459 0.71744058 0.74464042 0.76694666 0.79380161 0.78544639 0.78022015 0.76877392 0.80530442 0.66794836 0.75635129 0.77013744 0.81518265 0.81928781 0.81905334 0.75477036 0.80424705 0.77398971 0.78870828 0.72994031 0.77749827 0.77401799 0.76882892 0.74004171 0.74743474 0.74194143 0.7353654 0.6936315 0.68562364 0.75286587 0.74863768 0.73770001 0.72910415 0.76375179 0.7110911 0.72283814 0.7559355 0.80461642 0.81431056 0.74897022 0.57633846 0.70485463 0.81904976 0.80081533 0.65725107 0.67100622
0.76287734 0.76441285 0.74848194 0.74783543 0.73143527 0.71180442 0.70696922 0.70049502 0.69598217 0.72071892 0.72696551 0.70421867 0.75797953 0.77325709 0.76050892 0.76930828 0.67687971 0.79974743 0.8038016 0.77949681 0.75656356 0.68796315 0.73027266 0.78584633 0.82807163 0.80966719 0.76511458 0.79272165 0.80268776 0.77145965 0.77624077 0.78513693 0.77339915 0.77102126 0.76591833 0.76649855 0.76239912 0.74742192 0.72080439 0.72313501 0.75193182 0.74781855 0.76036429 0.76146937 0.76773458 0.76479542 0.71695865 0.75051164 0.78373271 0.8064668 0.79414279 0.71732606 0.75568443 0.80219189 0.68653439 0.66521593 0.68918707
0.73743201 0.73726632 0.73109751 0.74118011 0.73072012 0.70198852 0.66242859 0.66646887 0.70948798 0.7142064 0.72387365 0.71354364 0.74955634 0.76274308 0.77302627 0.79039731 0.75563824 0.80481911 0.80646024 0.68907312 0.79740095 0.82843505 0.8036742 0.83011585 0.72676264 0.79226307 0.79128488 0.80215497 0.80747995 0.77873759 0.79016953 0.76483244 0.73294535 0.76238063 0.76234422 0.760631 0.76629162 0.74160051 0.72594883 0.73369118 0.73345082 0.7411526 0.74454605 0.751369 0.70906238 0.7616118 0.75157956 0.77912768 0.80858115 0.81027158 0.73336346 0.76392901 0.78043313 0.62623861 0.81911647 0.71205928 0.67475778
0.7692938 0.71792485 0.70925999 0.72487005 0.70104294 0.71197108 0.72457587 0.72735714 0.73982049 0.73397009 0.72741855 0.75789907 0.76860008 0.76652394 0.77526689 0.77851177 0.79154535 0.80615407 0.81533497 0.79577945 0.83124653 0.77426712 0.81518678 0.79573178 0.84493605 0.78788868 0.80610946 0.81363521 0.81450193 0.80126719 0.78502999 0.76383992 0.78148644 0.77850733 0.77796076 0.76997172 0.76672234 0.7596978 0.75955751 0.7651791 0.73950776 0.70874747 0.76592405 0.7733987 0.77628331 0.76309181 0.7483366 0.7945537 0.80900351 0.81319456 0.79354414 0.76822032 0.83277015 0.82632899 0.79654113 0.74320948 0.66813927
0.74298428 0.71929794 0.69389856 0.67638446 0.69491276 0.71143779 0.73009496 0.73649054 0.73612534 0.74839155 0.73454416 0.73545429 0.75066836 0.73145644 0.65892913 0.77616607 0.76900718 0.79265609 0.76929139 0.74539696 0.75314851 0.83086485 0.65930737 0.81858055 0.83157176 0.80189662 0.78938621 0.80516081 0.76577017 0.79120445 0.62769745 0.76942164 0.7834955 0.76861617 0.7649353 0.77198163 0.76413965 0.75315272 0.74883159 0.7559275 0.76574267 0.76984002 0.77087976 0.77305383 0.77605893 0.74792206 0.69987219 0.74410399 0.77797762 0.78410075 0.67249577 0.81701952 0.82351707 0.8002244 0.79983863 0.78145438 0.68723565
0.64716074 0.70626242 0.69202496 0.67799537 0.67254806 0.6938104 0.72621219 0.7410107 0.74048079 0.73847322 0.73471716 0.70938719 0.73488939 0.72517711 0.77166788 0.74296934 0.76987761 0.76831597 0.70676809 0.78621366 0.75205241 0.74601734 0.7002304 0.69416902 0.68454533 0.73822534 0.82888367 0.77253157 0.79805666 0.7705131 0.78164706 0.77996187 0.7686178 0.7496051 0.76957537 0.76924088 0.75083914 0.75425637 0.74354236 0.74433016 0.76923468 0.76924321 0.77626141 0.76897469 0.78041761 0.78009341 0.76967847 0.73647232 0.71328433 0.77783138 0.68001424 0.82603323 0.83726664 0.80947701 0.81051055 0.68402486 0.69551039
0.74513057 0.71768855 0.7066551 0.69953611 0.65917771 0.69572792 0.73554512 0.74884773 0.76319696 0.75606165 0.7455171 0.76183502 0.76912071 0.76274124 0.77489789 0.7691413 0.7498603 0.78429822 0.75231828 0.75727412 0.76904983 0.74757482 0.72307752 0.8000964 0.67691923 0.71761258 0.80208882 0.76450677 0.65636816 0.61874614 0.74078644 0.78194748 0.76354331 0.75665283 0.76499477 0.7655036 0.73719481 0.74871626 0.76146377 0.76518608 0.76903529 0.76164334 0.77165642 0.78414195 0.77772653 0.74726655 0.7710193 0.77648535 0.73432099 0.79332693 0.79649382 0.8033563 0.8176352 0.84007573 0.83757826 0.83032501 0.65157904
0.73571899 0.72405494 0.66170573 0.67872057 0.69009049 0.70539566 0.72442581 0.74531397 0.76451674 0.76446954 0.75636599 0.75606925 0.76738185 0.75482961 0.7463303 0.67383602 0.74821432 0.77364534 0.54744879 0.59573223 0.72590531 0.75795051 0.55109701 0.75033011 0.72924455 0.72179536 0.81246005 0.74168927 0.62782398 0.74277669 0.78117898 0.76068652 0.7268614 0.74430421 0.73609795 0.74633611 0.75973569 0.75325876 0.75626472 0.76076445 0.74786444 0.74792814 0.7713992 0.77873939 0.78185564 0.77251663 0.7567657 0.64202825 0.73276588 0.74686348 0.72103291 0.74094983 0.81914281 0.82135972 0.73803374 0.72088255 0.75576824
0.7054655 0.65546965 0.64255225 0.67618581 0.69077687 0.70665077 0.71539889 0.73373537 0.75362125 0.74663738 0.740706 0.73724807 0.71840949 0.74350584 0.75805536 0.74328341 0.75916086 0.74119846 0.78271479 0.78596331 0.70066482 0.69947038 0.78602819 0.50734224 0.74397109 0.83184374 0.81949188 0.75255637 0.79423628 0.77739448 0.76460451 0.75287179 0.65434434 0.71283595 0.74858775 0.76366123 0.76441595 0.7569737 0.75888176 0.75268288 0.71542663 0.6980978 0.75017521 0.76635119 0.75791565 0.75924066 0.74772683 0.7615566 0.74366044 0.74231904 0.77589493 0.78480865 0.81286761 0.78504264 0.80411408 0.82161418 0.67461253
0.71665417 0.63089844 0.68830802 0.66678696 0.69671424 0.72236487 0.72367295 0.72660551 0.73906185 0.73726989 0.72959381 0.77251073 0.77103608 0.77972367 0.76519594 0.73627584 0.7683482 0.77866329 0.72113882 0.79725626 0.78688299 0.72989128 0.75268019 0.81651078 0.73363364 0.8039544 0.80997071 0.81878666 0.79760149 0.79899316 0.789917 0.67730203 0.75257959 0.76942884 0.76918218 0.75941072 0.75209729 0.76159395 0.76547581 0.75046485 0.74048443 0.75321242 0.75908433 0.74607497 0.76817969 0.77555269 0.78030486 0.76963147 0.78629295 0.75036738 0.80737521 0.8166379 0.82530393 0.80193593 0.83350911 0.79027912 0.83618646
0.67429415 0.66786303 0.67271016 0.68690536 0.67537591 0.70067736 0.67916966 0.6705305 0.70066987 0.72145084 0.76019644 0.76960744 0.77142529 0.76071139 0.75949888 0.72783806 0.60726933 0.77473382 0.62283069 0.79267793 0.79889983 0.80222448 0.64189642 0.81632395 0.78191748 0.76316483 0.7818375 0.81087949 0.77981263 0.72794664 0.78688927 0.77215091 0.76818086 0.77522401 0.77619126 0.75104457 0.7199026 0.74611537 0.76631751 0.76522873 0.75687638 0.74656844 0.75096246 0.74139816 0.7359168 0.75898487 0.76871104 0.78150143 0.75407864 0.78998709 0.79276735 0.81196599 0.80452667 0.82686055 0.82569826 0.82577042 0.8255164
