landslides_training_model/shapes/shapes_exact_point/support_vector_machine_suc.tif
NCOLS 441
NROWS 451
XLLCORNER -92.213079
YLLCORNER 13.747265
DX 0.0090151111
DY 0.0090031242
NODATA_VALUE -9999
[rows 50 to 74 of 451, columns 171 to 227 of 441]
0.054379952 0.053151487 0.054593019 0.053477204 0.053770599 0.053993986 0.052914199 0.053754488 0.05386631 0.052901708 0.052593729 0.054005502 0.053874252 0.053458009 0.053582363 0.053590011 0.053752831 0.05365029 0.054427845 0.055212752 0.05500021 0.055317765 0.056655916 0.057449115 0.059157046 0.06089963 0.059952899 0.061026056 0.060532047 0.059425881 0.06271312 0.065285324 0.059772306 0.05647891 0.054305695 0.052773671 0.050374989 0.050335627 0.050824713 0.050827983 0.049828122 0.049466325 0.04959488 0.049865271 0.051444447 0.054006499 0.055276213 0.05506754 0.05416809 0.053925195 0.053743699 0.055492377 0.055177157 0.055305159 0.055035185 0.058537987 0.059229445
0.05519494 0.056867588 0.058168739 0.058055756 0.057838663 0.057567071 0.053861374 0.053402909 0.053831408 0.053732715 0.055106006 0.056509756 0.056408025 0.054702667 0.054313891 0.053996494 0.053964078 0.053927595 0.054026931 0.05428554 0.05454862 0.055052042 0.055376905 0.055224971 0.056126607 0.057735137 0.058218064 0.057898987 0.058795762 0.058695434 0.062941346 0.064131252 0.061889296 0.056104734 0.055048084 0.052759209 0.050752048 0.050471631 0.050418631 0.050084518 0.049850931 0.049900939 0.050055855 0.050385508 0.051416666 0.052871456 0.054240476 0.055982783 0.053974081 0.053453573 0.052934425 0.055160565 0.053400812 0.052653681 0.053755096 0.059094678 0.058834586
0.057169365 0.058317795 0.059148073 0.061083616 0.060026959 0.058017326 0.05716259 0.053311381 0.052909897 0.055137437 0.057392435 0.059730346 0.056394066 0.054915079 0.055116487 0.055630095 0.055317012 0.054728922 0.054383346 0.054072306 0.05383112 0.053868854 0.053956883 0.053975087 0.054372411 0.055306876 0.055187587 0.055374118 0.054276683 0.055906691 0.061415427 0.063705148 0.061588615 0.060089738 0.05359415 0.051250284 0.050547796 0.049534785 0.049720628 0.049803945 0.049628602 0.049686475 0.050087451 0.050650307 0.051332579 0.053095472 0.055833345 0.054662145 0.054102858 0.057388604 0.052657635 0.053472787 0.051799781 0.051479413 0.053460965 0.057449519 0.058674081
0.059559295 0.060654941 0.061109649 0.060140286 0.061403138 0.058880142 0.060705422 0.059266432 0.057155511 0.059468596 0.060306495 0.059690739 0.058623153 0.059041505 0.058731488 0.058600422 0.056216968 0.055375631 0.054939076 0.054360381 0.053822447 0.053309028 0.053437356 0.05407016 0.054254489 0.05443678 0.054158581 0.053399215 0.053462363 0.053528592 0.06072637 0.063552821 0.060953461 0.055565582 0.052109955 0.050829987 0.050080397 0.0496628 0.049625099 0.050489419 0.049752736 0.049599192 0.050199938 0.050513382 0.051306307 0.053212319 0.054769408 0.055840676 0.055447238 0.059168057 0.057009627 0.054384144 0.05472733 0.055775917 0.057273954 0.0583231 0.058598178
0.060144329 0.060191626 0.060929602 0.060361641 0.060741281 0.060085043 0.060629816 0.05958102 0.060312384 0.060034211 0.060038093 0.060222558 0.060502994 0.060411597 0.060883 0.060582935 0.058668113 0.055848982 0.054558425 0.054225479 0.054132685 0.054118982 0.053975553 0.053850592 0.054246062 0.054188745 0.053989069 0.053396398 0.051931459 0.052536066 0.054643499 0.057909648 0.061782636 0.060449999 0.05312224 0.052408583 0.05199956 0.051545368 0.050426024 0.050803771 0.050516074 0.050372748 0.050548036 0.050613824 0.051299747 0.052379804 0.053865623 0.056520919 0.055611826 0.058086494 0.059072682 0.058301759 0.057943878 0.059490942 0.058605741 0.060101236 0.060683242
0.057679128 0.058308261 0.058546002 0.057575675 0.056521033 0.057899919 0.056683734 0.057483976 0.058944272 0.060569782 0.061077857 0.060884438 0.05960592 0.059893109 0.061226431 0.060601073 0.06007305 0.056659355 0.054260541 0.053840845 0.054504237 0.05508855 0.054500573 0.053923446 0.053239831 0.053614004 0.053772177 0.054267402 0.052780017 0.052168509 0.050456462 0.053272231 0.056920911 0.057475949 0.053276652 0.051846496 0.052751955 0.051575417 0.051923093 0.051711025 0.050983839 0.050993485 0.050872477 0.050800805 0.051140432 0.051658409 0.052818826 0.054240572 0.054083406 0.056554998 0.057920166 0.056323353 0.057438451 0.058073988 0.058810124 0.059253298 0.058997628
0.056803935 0.056938248 0.055869748 0.056158897 0.055544611 0.055409731 0.053687141 0.05411184 0.057925299 0.060575229 0.061098494 0.059690555 0.059444928 0.060113104 0.060220995 0.058023394 0.057883618 0.056762638 0.055247573 0.055075092 0.055404042 0.055305791 0.055149232 0.054908669 0.05367403 0.052868856 0.052988491 0.053667575 0.052251195 0.052221703 0.052000434 0.052424049 0.052966904 0.054889649 0.051311513 0.050199224 0.050565811 0.051106356 0.052903809 0.053526122 0.052436721 0.051220463 0.05083113 0.051351522 0.051688879 0.052028476 0.052776288 0.052225918 0.052826267 0.055732795 0.054629845 0.055421992 0.060028901 0.058324017 0.058284557 0.055852498 0.054726173
0.056476319 0.057368486 0.059466599 0.060183936 0.058299752 0.057964107 0.054521291 0.054136793 0.055394015 0.056057289 0.057552201 0.057576351 0.059946458 0.060089536 0.060047666 0.056493054 0.056528353 0.056346215 0.056496792 0.056437096 0.056148514 0.055728571 0.055223546 0.055014816 0.05438129 0.053639273 0.053169496 0.053110647 0.052362111 0.052536878 0.052750618 0.052473519 0.050696797 0.051513554 0.051351568 0.051078581 0.050686201 0.050851779 0.052537461 0.053895626 0.053646607 0.05210335 0.051434523 0.051782606 0.052699084 0.053967026 0.054721262 0.053916545 0.052805105 0.053899025 0.054219043 0.055179627 0.059074372 0.058211301 0.060267734 0.058579586 0.053488498
0.056454893 0.05696775 0.060109129 0.061847357 0.059605185 0.05937775 0.05970326 0.0548322 0.054980788 0.055278216 0.056003775 0.05665668 0.058157526 0.057806482 0.057071572 0.056899189 0.057514825 0.057820537 0.057673604 0.056833129 0.055909018 0.0556899 0.055417096 0.054928426 0.055689038 0.054761092 0.053024015 0.053007496 0.054154114 0.054065314 0.052844838 0.05172178 0.052183885 0.050257154 0.051274632 0.052159809 0.052458757 0.052809516 0.052263501 0.05268464 0.052951028 0.052031572 0.051485923 0.051569703 0.053182854 0.054940463 0.055579736 0.055616423 0.053804438 0.054526637 0.056527024 0.058173551 0.057125515 0.056979171 0.057800949 0.056320919 0.054896393
0.059247219 0.057916192 0.060666507 0.060265041 0.059763709 0.061517994 0.060320596 0.054830339 0.055460241 0.054042552 0.055927236 0.055058285 0.056346384 0.056373523 0.055219374 0.055590141 0.056265127 0.058456589 0.059013146 0.057417905 0.055866371 0.055346197 0.055291332 0.055154279 0.054482167 0.054547649 0.054721285 0.05441437 0.053445114 0.053375808 0.052508803 0.051565571 0.05227651 0.053292892 0.051546488 0.052714309 0.053272038 0.052449586 0.051590217 0.052788586 0.052461829 0.053695089 0.052289564 0.051847509 0.053059511 0.054521354 0.055175719 0.054642159 0.054286878 0.054204607 0.058276823 0.056454606 0.056944782 0.056483715 0.055921314 0.055329184 0.055353188
0.061190545 0.060488199 0.061519324 0.061509337 0.061349437 0.061224758 0.060115267 0.058831769 0.05940275 0.055976387 0.054839913 0.054771168 0.054953241 0.055272431 0.054981245 0.054980439 0.055062256 0.056697985 0.057306157 0.057922257 0.056596338 0.055083658 0.054893357 0.054354679 0.05414394 0.054416277 0.054587641 0.055573929 0.05391743 0.053023313 0.052952226 0.052141525 0.052878454 0.053084235 0.050176938 0.05120381 0.053140628 0.051551559 0.05175253 0.053379639 0.052906876 0.053959617 0.053064759 0.052310862 0.053003858 0.053739051 0.053629187 0.053247165 0.053890838 0.055752425 0.056373614 0.054893633 0.055795078 0.05470359 0.055428984 0.055483548 0.056707217
0.061282692 0.062079207 0.061357524 0.061913817 0.060285718 0.059025652 0.058219387 0.058705585 0.062098162 0.060469235 0.060717473 0.05956209 0.055271954 0.055057556 0.055845881 0.055193796 0.055712001 0.05518237 0.055372593 0.055891664 0.055737594 0.055507303 0.055327112 0.054446763 0.053949647 0.053710312 0.05438792 0.05587236 0.054878056 0.054466629 0.05504587 0.053854133 0.053671319 0.052940617 0.05255921 0.051786211 0.056005663 0.050931982 0.051571467 0.052207759 0.052599723 0.053166496 0.053160538 0.05267996 0.05287671 0.0532859 0.053332541 0.053316604 0.053694181 0.055069494 0.055716981 0.054525103 0.056047872 0.055283901 0.054580969 0.054617345 0.057486024
0.062372397 0.063021655 0.062818376 0.062368676 0.061301806 0.058217609 0.056679255 0.055606421 0.057084973 0.059971232 0.062599992 0.063873117 0.061605566 0.058072237 0.056217674 0.055552664 0.055318864 0.054784934 0.05422993 0.055084058 0.055457734 0.055652093 0.055497323 0.054714114 0.054579439 0.054737977 0.055683917 0.056229566 0.05807125 0.058456597 0.058291274 0.057538692 0.058157082 0.054685915 0.056674303 0.055368203 0.053577435 0.050751102 0.05046001 0.052554371 0.051936132 0.052574703 0.054066812 0.054050722 0.053502256 0.053723474 0.053951825 0.05381719 0.054198664 0.054408448 0.054854047 0.056176486 0.056888314 0.057272736 0.056656156 0.057529998 0.059601772
0.060844981 0.061194737 0.062177886 0.062431884 0.061295855 0.062503123 0.061157192 0.05850371 0.058824805 0.057474722 0.058916994 0.059164581 0.063171149 0.061154505 0.060018105 0.057074379 0.054963796 0.054020802 0.0538083 0.054404226 0.054797905 0.055518425 0.055964263 0.055719907 0.055840105 0.055357989 0.055494049 0.055737934 0.056168593 0.060027961 0.059806097 0.061516839 0.061132936 0.059995489 0.060165777 0.058246893 0.057875501 0.05145672 0.052404009 0.054507529 0.053062344 0.052838212 0.053900101 0.054083402 0.053607704 0.053810106 0.05440021 0.054759434 0.054926842 0.054866245 0.055357128 0.05608684 0.056679183 0.056590875 0.056940193 0.056715625 0.057800434
0.057849777 0.0575593 0.06136027 0.062221124 0.06209409 0.063848918 0.061586224 0.062205177 0.062871061 0.062952281 0.059484931 0.058494208 0.05716142 0.057923463 0.059906986 0.059517392 0.056142192 0.054249672 0.053799288 0.054514583 0.054549804 0.055342395 0.056162768 0.056365737 0.056551909 0.055427441 0.055501512 0.056326924 0.056633562 0.057641214 0.06127305 0.06192696 0.062201492 0.060273206 0.059057573 0.058754916 0.056453616 0.053648034 0.054094843 0.054767827 0.053843749 0.05320678 0.053237588 0.053388488 0.054004674 0.054500335 0.054709882 0.054929222 0.055078914 0.055283099 0.056011588 0.055437914 0.056074056 0.056145866 0.056202855 0.056048392 0.05600901
0.055154237 0.055474046 0.057112557 0.06120714 0.063840566 0.066296175 0.063543471 0.062825349 0.063407451 0.063138292 0.063681271 0.060345477 0.056842132 0.05506019 0.056694802 0.056465275 0.059153892 0.056453485 0.054539906 0.055159371 0.05523732 0.05512671 0.055475893 0.057353659 0.058836893 0.055963785 0.055956573 0.055579318 0.056437836 0.056432546 0.06034109 0.061789429 0.061959249 0.060178511 0.056167528 0.057157253 0.054321783 0.053306664 0.054357977 0.056966238 0.054756116 0.054298232 0.053539946 0.053814977 0.05468007 0.054952625 0.054991709 0.055327559 0.05561865 0.056004651 0.056286468 0.054834736 0.056039665 0.056589335 0.055889631 0.056787239 0.054692114
0.054456902 0.054618099 0.055335324 0.058021273 0.062833079 0.06483056 0.066050062 0.064096429 0.064426639 0.063979921 0.063584507 0.061801917 0.057592746 0.054857981 0.055110154 0.055712624 0.05734377 0.058388477 0.056684 0.055147082 0.055077786 0.054966896 0.055658346 0.058586556 0.061114916 0.060242701 0.057947046 0.057091354 0.059484611 0.059415194 0.061533991 0.061887054 0.058884129 0.057237588 0.054399066 0.053265125 0.05352405 0.053523487 0.05402404 0.054309741 0.054743783 0.054938968 0.054111974 0.054232464 0.054818108 0.055679638 0.055990879 0.055544347 0.055446721 0.056078089 0.055753318 0.055177642 0.056188847 0.05713049 0.056292166 0.057075309 0.055225603
0.054549959 0.053860123 0.054086815 0.055793124 0.060975923 0.062117397 0.066176689 0.065133175 0.067391781 0.062372327 0.06149315 0.060172029 0.060066563 0.059019904 0.058370393 0.0559008 0.054945773 0.056351505 0.056980516 0.055316332 0.054635743 0.054861952 0.055355936 0.057923369 0.061057267 0.060952209 0.060771792 0.061524489 0.060972004 0.060037301 0.06013221 0.058959753 0.056913086 0.05429302 0.054653313 0.055171565 0.053205785 0.052631888 0.05264099 0.05293237 0.054639424 0.05556042 0.054542514 0.054401104 0.055397058 0.056171861 0.056260764 0.055681263 0.055533117 0.055941169 0.055349171 0.055722756 0.055428907 0.055909228 0.056662546 0.055346381 0.056138224
0.056679405 0.055425987 0.053583085 0.054859568 0.05599683 0.057019813 0.061625407 0.065550371 0.066590784 0.064467471 0.063288107 0.06309973 0.061432559 0.061227741 0.06004647 0.058652893 0.05582001 0.055526785 0.056331584 0.055081443 0.054659916 0.054978864 0.055247253 0.056812317 0.059274376 0.059781969 0.058395875 0.058647845 0.056826678 0.056319037 0.055817454 0.056500843 0.054684982 0.056147162 0.055511085 0.054503015 0.053356424 0.052824463 0.053015758 0.054898294 0.055093837 0.055673187 0.055505521 0.055864404 0.056148217 0.056150412 0.056254108 0.056331828 0.056563858 0.056583917 0.055480835 0.055485512 0.05564489 0.056271343 0.055703513 0.055796029 0.056918849
0.055428297 0.054896179 0.054134987 0.054646981 0.053651214 0.053934653 0.055306781 0.057145749 0.057613322 0.062447347 0.060400362 0.060853324 0.055545272 0.054689508 0.055786835 0.055099498 0.054825395 0.054227568 0.055380532 0.054956044 0.054533527 0.05491841 0.05522619 0.056398852 0.057689416 0.056980588 0.056268613 0.056061309 0.055258474 0.054372499 0.053994085 0.055033593 0.05465821 0.054386654 0.054665196 0.055260133 0.052945108 0.053820447 0.053492857 0.054461799 0.055255335 0.056162551 0.055668902 0.05573862 0.055933748 0.056318729 0.056741185 0.056844224 0.056660373 0.056369405 0.056200778 0.056418189 0.056042044 0.05695475 0.057365735 0.056328608 0.057457839
0.055085646 0.054298759 0.054185033 0.054596862 0.055438248 0.053267342 0.053445093 0.052628269 0.054134943 0.0571244 0.055068331 0.053252341 0.053858836 0.052761533 0.055880232 0.05306796 0.054325485 0.0534858 0.054259832 0.054311804 0.054209049 0.055187822 0.055462462 0.055643141 0.055742533 0.054977189 0.055148527 0.055815127 0.055062806 0.053768032 0.053631625 0.054958527 0.055949394 0.054413104 0.054664149 0.054439911 0.053866029 0.054567571 0.055258717 0.055528663 0.054466448 0.055527855 0.056718234 0.056519026 0.056505605 0.056709844 0.057101816 0.057456273 0.057152498 0.056906883 0.057894143 0.058015113 0.05738742 0.056802266 0.057472085 0.056566695 0.055770302
0.055125571 0.054236146 0.053881237 0.0545962 0.055043926 0.053950363 0.052900759 0.05467535 0.053383711 0.053341407 0.05408648 0.051184438 0.051627561 0.051910114 0.052306491 0.052428629 0.051378487 0.052581208 0.053274879 0.05410561 0.054554779 0.055553654 0.055695934 0.055260124 0.054802696 0.054377962 0.05472049 0.055237541 0.055981854 0.054878391 0.054177593 0.054571437 0.055747339 0.055754722 0.05688169 0.056540576 0.055377211 0.05670608 0.056589783 0.054699598 0.054783683 0.056059921 0.056865952 0.056700983 0.056272746 0.056623563 0.056889001 0.057604616 0.057953546 0.057463772 0.057617706 0.05853123 0.058939068 0.057545836 0.057947562 0.056571393 0.05692976
0.054510234 0.054754074 0.055139702 0.054677364 0.054828442 0.054118413 0.052891184 0.056052194 0.05434934 0.052337926 0.054645703 0.052117288 0.052785631 0.050630905 0.049533676 0.053049754 0.050694454 0.051395942 0.052458752 0.053559821 0.054550915 0.055135701 0.055446154 0.055313635 0.054859152 0.054941806 0.05579486 0.055654045 0.055407972 0.056201394 0.056467547 0.057588048 0.062884776 0.060224886 0.068913482 0.060419785 0.057289739 0.059470144 0.057567956 0.055493333 0.056687348 0.056457568 0.057052829 0.057098848 0.056644748 0.057374392 0.057387167 0.057266547 0.057586537 0.057740451 0.05794095 0.058426673 0.059195609 0.060683134 0.060819006 0.061644854 0.057663818
0.054946438 0.055485411 0.05609034 0.055122812 0.054120724 0.053279096 0.054249192 0.05530096 0.054800613 0.056590041 0.054311474 0.051701594 0.053326835 0.049475995 0.051454339 0.053591456 0.051770729 0.051220984 0.052018811 0.053077167 0.053632067 0.055121251 0.055752179 0.055408805 0.05571447 0.057025929 0.05770998 0.057165692 0.0570094 0.058299486 0.057922895 0.061010731 0.060530616 0.059924746 0.063168432 0.059734555 0.05923439 0.060063622 0.059538637 0.055717507 0.057084545 0.059544188 0.058815 0.058609564 0.05729214 0.057433062 0.057723161 0.057519211 0.058244376 0.05881885 0.05867835 0.060651213 0.062715341 0.062278015 0.062111314 0.062235606 0.061671509
0.056406848 0.056626862 0.056171944 0.055554207 0.055303938 0.052326392 0.054459103 0.054944471 0.054146688 0.052900079 0.054319976 0.053988003 0.055839669 0.051198976 0.051108461 0.05342601 0.052759784 0.051848057 0.052398078 0.053425497 0.053940124 0.054679836 0.055918823 0.056231275 0.05687647 0.058270723 0.059626618 0.061284469 0.06016707 0.059660995 0.061449933 0.060553807 0.061635054 0.059641057 0.061663478 0.058698291 0.059526579 0.059266365 0.06108001 0.058858707 0.058228759 0.06104342 0.061647902 0.059953353 0.058300367 0.058215111 0.05797627 0.058143401 0.058922125 0.05959672 0.06022188 0.061832048 0.063730381 0.061273319 0.060585967 0.062023587 0.062213163
