landslides_training_model/shapes/shapes_exact_point/xgboost_suc.tif
NCOLS 441
NROWS 451
XLLCORNER -92.213079
YLLCORNER 13.747265
DX 0.0090151111
DY 0.0090031242
NODATA_VALUE -9999
[rows 125 to 149 of 451, columns 228 to 284 of 441]
0.032091341 0.032456739 0.032581577 0.032757375 0.032795934 0.032853594 0.032915175 0.032568142 0.032054036 0.031197136 0.031050418 0.030777663 0.029530877 0.027294209 0.02740481 0.025220058 0.024840999 0.025402239 0.026522968 0.031067822 0.029409014 0.028245472 0.02985859 0.030801276 0.031474196 0.032951813 0.03470461 0.036724115 0.047690088 0.04697393 0.041471666 0.041510032 0.04228116 0.041976432 0.043242812 0.03857614 0.036316641 0.039710806 0.030099903 0.028737808 0.027086313 0.026699107 0.025300622 0.025610453 0.026461046 0.026249368 0.027071335 0.028616989 0.030153579 0.031956077 0.033469677 0.035329664 0.038934341 0.040988771 0.041894268 0.04255545 0.043135374
0.0323127 0.032880515 0.032771522 0.033034102 0.033446481 0.033598491 0.033523018 0.033245089 0.032710567 0.032062479 0.03146158 0.031566573 0.03002323 0.028125179 0.026765798 0.025510809 0.025478625 0.025152426 0.026629251 0.026446079 0.027259549 0.028809998 0.029232314 0.030932299 0.032192464 0.037977097 0.040415653 0.041415207 0.041721892 0.044796151 0.045289289 0.042409369 0.040409303 0.04086887 0.040028049 0.037352036 0.035006584 0.032427726 0.030426017 0.028886851 0.029611148 0.027098879 0.024884909 0.024658638 0.02495539 0.026738225 0.026825409 0.028837827 0.030439885 0.03114687 0.036001685 0.037563859 0.040309295 0.039841055 0.040574499 0.043276742 0.04217805
0.03275599 0.033295954 0.033636155 0.034007498 0.034936318 0.035718631 0.036884478 0.038040489 0.036948443 0.034801406 0.034296862 0.033083932 0.031506868 0.031177971 0.029025334 0.027461426 0.026812963 0.027916247 0.033132095 0.035204218 0.028516345 0.031536198 0.032072879 0.032563163 0.033192741 0.03612378 0.050569875 0.044764083 0.040825239 0.041694931 0.041479594 0.040646146 0.044061119 0.046077565 0.041046049 0.038208122 0.037236399 0.032412588 0.031580354 0.030293128 0.028459621 0.027905099 0.026400947 0.025373178 0.026162778 0.027052567 0.027462684 0.032953329 0.032768836 0.033599776 0.035008 0.038751411 0.037778117 0.037726419 0.043289468 0.041971855 0.039616659
0.033863496 0.034665672 0.035089341 0.035378362 0.037235689 0.037977832 0.040275393 0.042073834 0.037354827 0.039502901 0.042882487 0.034712299 0.035671053 0.040453171 0.034685605 0.045631079 0.029120568 0.035277688 0.029601978 0.029095864 0.035770641 0.035988558 0.03152494 0.032620669 0.034068385 0.038489494 0.039709494 0.041800655 0.039836947 0.038627006 0.038461684 0.041351783 0.065938509 0.086446227 0.055769045 0.037420711 0.035064914 0.033520249 0.040779778 0.040685732 0.039495619 0.02861813 0.027194798 0.02654775 0.024856983 0.038702665 0.030284376 0.028597401 0.031335037 0.031560524 0.033230048 0.040259224 0.037988445 0.037496451 0.038867225 0.038405489 0.037597407
0.035770501 0.035921327 0.037079481 0.038029889 0.038250262 0.038331755 0.040025496 0.040384336 0.037175358 0.037084373 0.037594007 0.037778356 0.035206627 0.038711275 0.033886366 0.032833323 0.032223468 0.035540086 0.028182694 0.028610271 0.029230853 0.029735959 0.031225271 0.032426306 0.033509432 0.033327193 0.034722029 0.039922339 0.04218098 0.039174287 0.038010163 0.042721633 0.05159738 0.051080816 0.042496577 0.036535365 0.035818438 0.040515148 0.032758743 0.03105601 0.032149384 0.03020849 0.031160071 0.027028361 0.026267931 0.025840084 0.026217452 0.027323012 0.028864591 0.030782791 0.040578286 0.037602983 0.037926918 0.037002973 0.037276417 0.037296939 0.037294576
0.038079821 0.038367587 0.039147266 0.037963364 0.037323587 0.03889716 0.040500774 0.040444636 0.039561047 0.038513084 0.038096489 0.037817338 0.0394663 0.04335429 0.039145406 0.043510873 0.037254859 0.029636737 0.030319039 0.040833418 0.036228198 0.029157511 0.036240817 0.031526092 0.03174129 0.033200972 0.034254661 0.036667179 0.038781836 0.038156533 0.037851412 0.039724204 0.040865023 0.039747949 0.038317105 0.036615839 0.036128641 0.035900434 0.040054149 0.031849007 0.032083722 0.034082691 0.030598626 0.028667297 0.028081086 0.025884409 0.039793074 0.028394264 0.030676105 0.032059256 0.033212687 0.040536436 0.040299848 0.038595333 0.038589965 0.038151247 0.037899005
0.038237284 0.039373286 0.03776335 0.037652415 0.03881214 0.041327014 0.040131216 0.038528212 0.040292098 0.038701294 0.03702292 0.036496362 0.038753356 0.037774043 0.045482818 0.047036877 0.04328127 0.026203872 0.02580678 0.02506457 0.026485061 0.027488729 0.029700333 0.030030755 0.03165958 0.033510646 0.037288769 0.039891936 0.041375034 0.039027449 0.038333027 0.041676312 0.044712448 0.041798577 0.037489424 0.036015122 0.035111144 0.034618167 0.034297139 0.033380745 0.032385847 0.032296678 0.028115816 0.026701211 0.026014894 0.025811964 0.028596514 0.041024461 0.029028168 0.031863667 0.031920906 0.035686827 0.038183633 0.039384347 0.042286854 0.041860312 0.039917232
0.034482909 0.035070962 0.034911065 0.035169706 0.035951037 0.036669227 0.036280515 0.035956404 0.036163086 0.035297341 0.034330136 0.033699793 0.033264532 0.032570525 0.033830419 0.043740449 0.02848094 0.04088719 0.024734356 0.024591541 0.029585123 0.041958783 0.036269109 0.037145263 0.036164686 0.039734929 0.041433691 0.047487854 0.043630477 0.042781957 0.040149996 0.040047307 0.043159171 0.041880397 0.037081 0.035953857 0.035541577 0.035297462 0.033770788 0.033501189 0.033129228 0.029786347 0.027345613 0.028210906 0.025970823 0.025392153 0.040965547 0.027161124 0.031950902 0.030645636 0.03123585 0.035038122 0.038920605 0.039603068 0.044772691 0.042088168 0.04037866
0.032727631 0.033493593 0.03417393 0.034449576 0.034762882 0.034972595 0.03527113 0.035349758 0.034996457 0.034528262 0.034017226 0.033604904 0.032480081 0.031636018 0.030963218 0.030111867 0.027738143 0.026813674 0.02569989 0.027159781 0.029874915 0.032625238 0.037729278 0.041025192 0.042045165 0.041945142 0.041982998 0.044290378 0.045595692 0.043400504 0.04451707 0.04167115 0.040020455 0.039447431 0.038049805 0.037116161 0.035908246 0.035425332 0.035272638 0.033067135 0.033573786 0.030085759 0.029294702 0.029771496 0.026237224 0.025814621 0.026180497 0.027469778 0.031341486 0.032059847 0.032584969 0.035611456 0.037864142 0.042937349 0.042267746 0.04056183 0.041179731
0.032727617 0.033336429 0.03388936 0.034473024 0.034784131 0.0350667 0.035348086 0.035470733 0.035389382 0.0351773 0.034764875 0.03414631 0.033114628 0.032345389 0.030888856 0.029967227 0.02836436 0.031370386 0.034195661 0.034909653 0.037009346 0.033420463 0.034868641 0.036941152 0.041056128 0.041796465 0.040750405 0.041962274 0.044975904 0.045433961 0.043221387 0.041270728 0.042983796 0.042269953 0.039324535 0.03874422 0.037113772 0.0372167 0.041665646 0.036104573 0.0418242 0.034635365 0.033520603 0.032472076 0.029770411 0.028143512 0.027809901 0.0273897 0.030480538 0.033081956 0.035242303 0.038218929 0.038487172 0.043170007 0.040474961 0.040879143 0.042826901
0.032921674 0.033740475 0.034374409 0.035024982 0.035436072 0.035647826 0.035953462 0.036322551 0.036401164 0.036092296 0.035726197 0.035159983 0.034124508 0.032928438 0.031732731 0.030299031 0.029493104 0.034987748 0.029514602 0.0411806 0.035830372 0.031511274 0.037369365 0.03889878 0.041874231 0.040318001 0.0434847 0.045986722 0.045466472 0.044664728 0.044403358 0.044040994 0.04495525 0.043108422 0.039818014 0.03895809 0.038345618 0.036924246 0.037835703 0.042694066 0.035205747 0.03341449 0.031322493 0.032899057 0.042407679 0.027526804 0.028502066 0.043175594 0.031341535 0.03102167 0.035304936 0.037276424 0.039815448 0.03913325 0.0403975 0.041507254 0.044793919
0.033552306 0.034574581 0.035513129 0.037334977 0.037107393 0.037034991 0.037328849 0.037848935 0.038271559 0.038499147 0.038574858 0.037840905 0.036551913 0.034694249 0.033543168 0.031734879 0.031172904 0.033457224 0.03701432 0.040768218 0.035212255 0.031671007 0.038178549 0.04697439 0.037493916 0.039252788 0.042549775 0.043099043 0.04467703 0.045853932 0.04587249 0.047010309 0.048657215 0.048232423 0.043293169 0.039044581 0.037943906 0.037247561 0.037926444 0.037448727 0.035099328 0.035875682 0.034990019 0.033906571 0.030509395 0.028963561 0.034188553 0.032498867 0.04465635 0.031111044 0.035415339 0.04077042 0.038078732 0.040245779 0.045382502 0.043477744 0.042567189
0.034648333 0.035678644 0.037694638 0.03781509 0.038201156 0.038489115 0.039156184 0.040817703 0.043907354 0.047081777 0.04785118 0.046271408 0.044195373 0.040148746 0.036275605 0.03473772 0.036042046 0.036215806 0.033299132 0.030207523 0.03028237 0.028697627 0.030983617 0.038469038 0.03947786 0.043139412 0.041440081 0.040493541 0.04460084 0.045690915 0.045604804 0.045993855 0.049162595 0.048776168 0.04342575 0.039604304 0.0393521 0.038061324 0.03682477 0.035723773 0.035066618 0.036405751 0.033689959 0.032954092 0.030540837 0.032510006 0.03223785 0.029387307 0.03189788 0.033670424 0.034801966 0.035939699 0.042401369 0.040516811 0.041763795 0.047050341 0.04625795
0.036990667 0.037844589 0.039108443 0.039659824 0.040165323 0.041248397 0.044881399 0.047716248 0.049250036 0.050689141 0.051713785 0.050999475 0.049253362 0.049892997 0.049426394 0.048348069 0.04068439 0.035053742 0.033684279 0.031494614 0.031108164 0.031241173 0.032662563 0.047252363 0.039228731 0.040993144 0.041839121 0.048367081 0.042999557 0.045937941 0.046866126 0.049984169 0.05128653 0.047914362 0.043091848 0.040566067 0.040187125 0.038964554 0.037452352 0.03700369 0.035855825 0.035921465 0.035204942 0.034853377 0.030361843 0.029604108 0.02756096 0.028608803 0.030907098 0.030495585 0.03239158 0.038940897 0.049004079 0.050034802 0.042668052 0.045861559 0.047297108
0.05292777 0.052083544 0.049182031 0.052635853 0.04910144 0.052520409 0.054003141 0.053983049 0.053736339 0.0535629 0.053369976 0.054236033 0.057023561 0.05605775 0.056081637 0.057449181 0.076709554 0.041219221 0.034199981 0.033096404 0.029801911 0.031253711 0.029806751 0.032434137 0.034687241 0.039856847 0.046165772 0.043966898 0.04443461 0.046099978 0.04638893 0.047265117 0.048777664 0.04586708 0.042941891 0.04137724 0.039914519 0.039280561 0.038861019 0.037603517 0.037042769 0.036153975 0.036775364 0.033785999 0.034655113 0.033692579 0.029170655 0.028949726 0.029085204 0.030630373 0.047284838 0.039756058 0.038261457 0.043171022 0.051192481 0.05235305 0.050624006
0.065201854 0.06456565 0.057652101 0.060033794 0.055307638 0.054030572 0.058703958 0.054158883 0.049256392 0.048849449 0.051367884 0.056255085 0.057457055 0.058063479 0.056780971 0.056883239 0.0541131 0.040357904 0.039788361 0.036896672 0.03054616 0.030718792 0.030137633 0.048354751 0.037919878 0.040288518 0.04505433 0.043371069 0.045753104 0.046779356 0.045035543 0.047000975 0.049961215 0.048356359 0.046259114 0.043917405 0.041365417 0.040270377 0.03906994 0.039502477 0.044354404 0.037431683 0.035670206 0.034988595 0.033073989 0.047057836 0.046875305 0.029597378 0.029302078 0.031915406 0.035474687 0.035650667 0.041005002 0.03944252 0.043335509 0.046294887 0.04888407
0.077938949 0.083326761 0.060824083 0.053357461 0.052265145 0.049335974 0.052618535 0.049316897 0.046591734 0.047448333 0.048878613 0.051529843 0.056612168 0.062031042 0.0612189 0.093633003 0.048188431 0.044288958 0.037242491 0.048721308 0.036595759 0.03158158 0.049191211 0.047217105 0.038035069 0.035576318 0.034971432 0.036820792 0.044936433 0.047395 0.051341085 0.049681533 0.048699945 0.052134705 0.050414057 0.04507277 0.041521979 0.040541345 0.040030501 0.040212967 0.040946071 0.039339492 0.036264878 0.034684853 0.033179641 0.033175419 0.034693426 0.029698825 0.033760752 0.049035982 0.03239889 0.037654772 0.045541109 0.040388892 0.042076477 0.04578295 0.045693981
0.052666157 0.051300243 0.054029842 0.047631186 0.047601247 0.064498698 0.054241 0.048816923 0.048240309 0.051166311 0.05275081 0.053469452 0.061381249 0.060044855 0.059208689 0.054256521 0.044836497 0.041913126 0.041265343 0.040166089 0.03932857 0.038536436 0.037608148 0.039794667 0.035412755 0.049127889 0.034366899 0.036067435 0.04504293 0.045987868 0.051199145 0.049820449 0.049220012 0.049761878 0.051032467 0.047410401 0.042792639 0.041415704 0.040729079 0.040240002 0.040097197 0.040219821 0.038300993 0.036544298 0.035349281 0.036289215 0.032130044 0.041238687 0.037277199 0.035955213 0.031412304 0.035447689 0.042878054 0.044586888 0.045166924 0.04933206 0.045841663
0.048176108 0.042766388 0.043476858 0.043408912 0.044569554 0.048257981 0.048284581 0.046776066 0.04698153 0.048770682 0.054905387 0.061012916 0.0586215 0.055485439 0.0503923 0.047776128 0.052822505 0.041251458 0.039544253 0.037273446 0.037316483 0.042068045 0.035222466 0.035081941 0.038553401 0.039705743 0.040501217 0.037523209 0.040932187 0.045394989 0.046487257 0.048623003 0.04815401 0.050109183 0.05110093 0.047533533 0.0430817 0.041526925 0.041632808 0.041812832 0.040688906 0.039858296 0.038795195 0.039615896 0.036774491 0.035458766 0.05235191 0.055190347 0.046596071 0.032484145 0.032944982 0.036806758 0.040662091 0.042488967 0.046835593 0.04657563 0.04810763
0.040786081 0.040365241 0.046750838 0.046300215 0.045384163 0.045806789 0.047233942 0.047172981 0.047413209 0.051160848 0.055535524 0.05583579 0.053577096 0.052710736 0.048090368 0.049616078 0.04826365 0.052589633 0.047511239 0.03685551 0.036909511 0.038667922 0.045158212 0.036190224 0.035069459 0.051474202 0.046570596 0.035106111 0.037997914 0.040227852 0.047058656 0.047109535 0.048070737 0.04922903 0.048506837 0.046098462 0.043671699 0.042844991 0.043754922 0.044502708 0.043695219 0.041340479 0.040883573 0.045332587 0.041914804 0.053582681 0.049335673 0.047946895 0.045294077 0.032267164 0.039286182 0.039805967 0.056547386 0.059901636 0.060592435 0.049292743 0.058267772
0.038070164 0.039040032 0.040918712 0.057704462 0.055860826 0.053662999 0.054118788 0.04978321 0.052535574 0.05673637 0.058066966 0.057671745 0.056343041 0.052845943 0.050728956 0.049026213 0.047786806 0.046427142 0.046014198 0.040923613 0.042706463 0.041799408 0.038597434 0.036437065 0.0478742 0.041292105 0.040725814 0.038679084 0.038980184 0.040152871 0.051002827 0.051971962 0.047791198 0.04713216 0.046244797 0.045308324 0.04503181 0.045134803 0.04817709 0.05291917 0.049461294 0.050720917 0.044784563 0.044826589 0.045945608 0.045799768 0.036171007 0.055145475 0.03217593 0.033661799 0.045437922 0.074058827 0.07401839 0.077262575 0.070053179 0.055971105 0.053455301
0.053413237 0.040903455 0.044146017 0.056987282 0.049071285 0.047163698 0.047872636 0.047841942 0.048682864 0.050115202 0.053657325 0.057247927 0.057265761 0.055523548 0.052625656 0.047048519 0.043705841 0.043831794 0.044997806 0.052195813 0.044458506 0.041448791 0.040989737 0.029936469 0.031207097 0.039737658 0.047487963 0.037870783 0.038021196 0.040333804 0.042578426 0.043787902 0.045825729 0.045726606 0.045701089 0.046609114 0.046831115 0.047175729 0.048759031 0.049253878 0.048065699 0.049794914 0.051880954 0.043180783 0.053098154 0.0445347 0.046473571 0.04077367 0.044911532 0.044827389 0.06667398 0.078369444 0.091639171 0.070767402 0.089053246 0.082602911 0.066883933
0.047943436 0.045024217 0.044131499 0.046302573 0.055943596 0.04836107 0.046069602 0.046482696 0.047738264 0.049047258 0.050180092 0.052930519 0.056642495 0.058326403 0.055179129 0.044877887 0.043209391 0.041652786 0.039877599 0.037267847 0.037036504 0.035358446 0.032577772 0.029587144 0.032823506 0.03359363 0.033244537 0.037127492 0.039927227 0.03994578 0.042756972 0.044656959 0.046232017 0.046364287 0.047439463 0.048581595 0.049067147 0.050808568 0.053589789 0.055991071 0.057141902 0.051338517 0.047098776 0.043054134 0.043351728 0.040218657 0.040748853 0.036591993 0.03909683 0.041330992 0.1280071 0.065301416 0.087668817 0.060834452 0.07901785 0.073637972 0.072705912
0.057806311 0.071654573 0.069559118 0.047126685 0.049770821 0.055615087 0.048588226 0.048362158 0.054786302 0.057528069 0.053764052 0.051504085 0.054686152 0.058336165 0.056979006 0.047492578 0.044476009 0.041054899 0.039490525 0.036757575 0.03664887 0.037107965 0.034027526 0.032239954 0.032065936 0.030226457 0.033761212 0.035840627 0.039354156 0.040547886 0.042889549 0.046622139 0.048299683 0.048656508 0.05649581 0.057232099 0.057172352 0.056057344 0.056487629 0.057096749 0.051654337 0.048771841 0.045269689 0.04465534 0.042937731 0.042847295 0.042111256 0.041669465 0.053681981 0.056590099 0.059862786 0.077495452 0.11799594 0.14021707 0.095024419 0.094533347 0.082424735
0.055141919 0.067122731 0.049413409 0.0453722 0.045887189 0.047628921 0.048578622 0.055814715 0.052795097 0.05231379 0.053008338 0.056931165 0.063282977 0.065489841 0.062390868 0.058621661 0.044832873 0.04219257 0.041188618 0.04297934 0.038799216 0.033108383 0.051444828 0.02838735 0.028840591 0.032761714 0.034582536 0.035559884 0.041411037 0.041747906 0.046528736 0.046486955 0.048996533 0.055863141 0.060483969 0.062397109 0.059030899 0.059178234 0.05900848 0.054170523 0.049012951 0.046355858 0.044684291 0.044459826 0.045794113 0.049589954 0.054955847 0.055581118 0.088951352 0.077467559 0.056479357 0.10382574 0.15328896 0.08890582 0.082912335 0.067690932 0.066315054
