landslides_training_model/shapes/shapes_exact_point/xgboost_suc.tif
NCOLS 441
NROWS 451
XLLCORNER -92.213079
YLLCORNER 13.747265
DX 0.0090151111
DY 0.0090031242
NODATA_VALUE -9999
[rows 275 to 299 of 451, columns 114 to 170 of 441]
0.67904592 0.69199852 0.706518 0.71332386 0.71573406 0.71691885 0.7246608 0.74389246 0.73860288 0.70728297 0.67500376 0.66143505 0.65224035 0.64627781 0.64263752 0.64098774 0.64178776 0.64706171 0.65554126 0.65910253 0.6591385 0.66395796 0.66641714 0.67019271 0.673656 0.67648201 0.67792377 0.66940313 0.664756 0.66442991 0.64933542 0.63772018 0.63058212 0.62470462 0.61988946 0.61898178 0.62667164 0.63939038 0.64371771 0.64345088 0.64222468 0.65688843 0.66287761 0.63766252 0.58817427 0.5687368 0.57244762 0.57808118 0.58556076 0.59353094 0.59943691 0.60372619 0.61737961 0.82072668 0.72220663 0.55919982 0.55654637
0.61131652 0.67441731 0.73046814 0.73236957 0.73583986 0.73974869 0.71910129 0.70976941 0.70352958 0.69514807 0.68756954 0.67529598 0.6597956 0.65122012 0.64507801 0.64155002 0.64076099 0.64219412 0.64439157 0.64594734 0.64731107 0.65013686 0.65732841 0.67010925 0.67251335 0.67432812 0.80114624 0.77987432 0.75863905 0.83999006 0.65806439 0.64377751 0.63838884 0.63100052 0.61833646 0.61140839 0.61397922 0.67805794 0.67662295 0.67826349 0.68120241 0.68616531 0.67583274 0.64383309 0.59115884 0.52161255 0.56660226 0.59034874 0.62320056 0.66416169 0.70129012 0.71183824 0.77554638 0.68164568 0.38505033 0.38559598 0.58637738
0.77281533 0.59064107 0.77241216 0.77569533 0.75148936 0.73253149 0.75196365 0.73798571 0.72526193 0.72202137 0.73028853 0.71649765 0.67687999 0.6644944 0.64950612 0.64240313 0.64094034 0.64303532 0.64432938 0.64408391 0.64395237 0.64623356 0.6600915 0.82446753 0.79407201 0.75225838 0.77574532 0.4384902 0.69672099 0.72489236 0.68021869 0.7269811 0.71141372 0.69319228 0.62158548 0.60495537 0.59226516 0.63214719 0.67081588 0.65669354 0.63184883 0.63803075 0.6434881 0.61599749 0.57068718 0.54669997 0.55224283 0.530261 0.59290925 0.57636149 0.66867312 0.73309848 0.68978216 0.74114017 0.75323333 0.86717533 0.8081449
0.76597846 0.73490695 0.7162962 0.76480776 0.75648353 0.756062 0.74640862 0.73739888 0.69902224 0.68322981 0.70139151 0.7112944 0.71183842 0.70455157 0.65332836 0.63654711 0.63425851 0.65196726 0.65510272 0.64915912 0.64506746 0.64437724 0.65116277 0.67000002 0.8860946 0.86780263 0.89723799 0.78940127 0.7905795 0.77278392 0.78183242 0.5098694 0.76236932 0.63195955 0.6058477 0.59753512 0.61075492 0.58808493 0.60778173 0.56998137 0.5904021 0.61364084 0.59451604 0.55725856 0.54631748 0.58119113 0.57930547 0.56260517 0.60219823 0.5458452 0.5564131 0.49889915 0.57517247 0.75090331 0.83274784 0.7801717 0.88142896
0.74517946 0.76978621 0.76689156 0.72385467 0.72824812 0.69394849 0.70309311 0.71858774 0.65125167 0.6692064 0.68502368 0.67529982 0.6973063 0.7030761 0.65071982 0.6145628 0.5711375 0.68786857 0.70459122 0.66530675 0.65047326 0.63546267 0.65233105 0.6575863 0.65237273 0.65404912 0.6491485 0.64044221 0.63530269 0.63123584 0.62464888 0.61232456 0.61154008 0.60297033 0.59206932 0.58913028 0.58150501 0.5731081 0.57153815 0.58992554 0.61314264 0.5935203 0.57556673 0.57569981 0.57036727 0.5803515 0.58778756 0.54915253 0.5929536 0.6305796 0.65916544 0.56674129 0.52257355 0.40877156 0.64467188 0.70991121 0.76667826
0.68012224 0.68852447 0.77575549 0.7589608 0.74995114 0.74552709 0.70469531 0.68539883 0.67526674 0.67547145 0.68312876 0.68276659 0.69391021 0.69990404 0.64498118 0.59373814 0.65647175 0.71742677 0.72881462 0.72596405 0.70493917 0.47609532 0.71484612 0.75011245 0.53128515 0.63908477 0.62438103 0.61391559 0.61227492 0.6096756 0.60677253 0.60629381 0.59786689 0.58759908 0.56868347 0.60039655 0.54578489 0.57422278 0.55769498 0.57253891 0.60195445 0.59900467 0.58237696 0.55895312 0.54592951 0.57445245 0.58587 0.56962222 0.6365209 0.63985706 0.66014144 0.5346395 0.65842496 0.5638969 0.7526023 0.82479828 0.80821299
0.69362908 0.63705193 0.75089354 0.74933736 0.76025317 0.74641932 0.70143504 0.68195893 0.67854107 0.68578831 0.70792918 0.72062637 0.72078024 0.71216062 0.67113988 0.62914864 0.7274384 0.73748253 0.70767199 0.73345611 0.67683813 0.70730386 0.71645083 0.76823001 0.70223894 0.72278522 0.53374522 0.51296655 0.58964052 0.59310064 0.59260572 0.66576065 0.6015592 0.5726659 0.56205665 0.56901458 0.50908463 0.53999832 0.53141243 0.55844407 0.56686822 0.5672079 0.56772778 0.5707928 0.58205063 0.60116969 0.619564 0.64693549 0.65806002 0.67981556 0.67251886 0.68583077 0.68239138 0.71958445 0.7285626 0.74284567 0.83646308
0.6529331 0.6874627 0.75582504 0.70958674 0.73124384 0.70198666 0.68870899 0.6831464 0.68086882 0.70869487 0.72512882 0.72143625 0.71772222 0.71266383 0.69897558 0.69331891 0.69177147 0.71408301 0.68891287 0.70739584 0.70405229 0.72919243 0.70353806 0.75701299 0.56903829 0.73361919 0.69028808 0.47570984 0.4549668 0.5702583 0.52591934 0.64098175 0.56412247 0.40853084 0.51294607 0.54542658 0.53317954 0.49668376 0.49673009 0.55187178 0.56763056 0.55971129 0.5337308 0.54350147 0.58690688 0.61353493 0.64566938 0.62724896 0.66327943 0.66342187 0.66675098 0.64916209 0.66003792 0.70287806 0.68462823 0.65562776 0.55326933
0.72680824 0.72260504 0.74152254 0.74975736 0.70147704 0.69237507 0.69454003 0.68479119 0.72597037 0.73528312 0.73187301 0.72850162 0.72315205 0.69103656 0.66259291 0.71634409 0.71395812 0.72213907 0.73089706 0.70874358 0.73333171 0.70619805 0.60573383 0.70913384 0.76387952 0.67986512 0.7034543 0.76749927 0.57585043 0.42175065 0.61264175 0.45669844 0.58597201 0.53056884 0.60147189 0.55238812 0.62106602 0.56871434 0.6245451 0.63180211 0.60293332 0.57942286 0.56131186 0.55505436 0.58719142 0.63350339 0.65219288 0.67118099 0.66034904 0.63934079 0.68689076 0.65752027 0.72312141 0.73153334 0.60321238 0.65544007 0.60936796
0.59412394 0.6452277 0.75791869 0.6993915 0.70025795 0.70171285 0.73254722 0.73991021 0.72858391 0.72254858 0.7194221 0.71881705 0.72434099 0.72012593 0.71436203 0.72963691 0.72911057 0.71933707 0.70728488 0.73835816 0.73620505 0.63034026 0.61890883 0.68401539 0.74748275 0.61550457 0.5552923 0.48386717 0.3720488 0.36955485 0.48269515 0.45391401 0.48550408 0.60022471 0.51890307 0.52340967 0.52184459 0.51862897 0.6103882 0.62442739 0.62884793 0.62293422 0.57120139 0.51490933 0.52758249 0.56800909 0.57596826 0.64282218 0.61855403 0.68404978 0.68731306 0.66494987 0.66097457 0.72004147 0.63199595 0.67441791 0.72554351
0.66540259 0.64925568 0.66472421 0.69393632 0.75836151 0.73289031 0.73280221 0.74204875 0.72604863 0.7117484 0.71251174 0.69827443 0.70478494 0.71352588 0.69954613 0.72738539 0.7104779 0.69360783 0.69601754 0.7054063 0.69043758 0.65336573 0.63622031 0.75278453 0.64764432 0.65964827 0.63431416 0.57732187 0.50628122 0.41217383 0.38811342 0.37022885 0.47733121 0.55985364 0.50979941 0.58486925 0.5435943 0.51729566 0.55990187 0.55402394 0.55500053 0.55594441 0.53903799 0.53709995 0.5495109 0.54617928 0.54415682 0.56092891 0.58900296 0.64375441 0.65948462 0.52417507 0.51342026 0.59841909 0.60757413 0.58494642 0.42778165
0.67477882 0.50713945 0.67293749 0.73752426 0.75702331 0.76182988 0.73894319 0.73190121 0.732834 0.70610373 0.71208709 0.7205568 0.72319132 0.72776895 0.7275768 0.73002584 0.71196691 0.67207263 0.68018749 0.66313645 0.69437718 0.62718127 0.5855063 0.73164489 0.71621834 0.66826846 0.56763126 0.63826961 0.45905649 0.53986954 0.37663168 0.61951337 0.57271471 0.5698421 0.56499424 0.51974341 0.52810554 0.6361367 0.57317556 0.5720229 0.5734717 0.62260537 0.65102215 0.64651666 0.61032315 0.56449047 0.54073202 0.51805916 0.49945731 0.50975333 0.59225585 0.61332412 0.48956023 0.48334918 0.55425058 0.37203277 0.50228814
0.6841499 0.68478296 0.73474367 0.76175188 0.76127974 0.74875511 0.75466239 0.7340563 0.72076866 0.67506037 0.70110015 0.7055218 0.70228209 0.71875218 0.72658679 0.72754363 0.71907645 0.70732935 0.69798407 0.66382198 0.67528487 0.56015389 0.70074192 0.75037718 0.7974444 0.76557781 0.81498422 0.55449484 0.55161785 0.70165507 0.59460125 0.56977283 0.61449586 0.54530884 0.56465998 0.47114381 0.55888288 0.61541709 0.64226277 0.58541318 0.63397182 0.6631688 0.66623231 0.65457142 0.62129755 0.58800394 0.56761918 0.55290419 0.5739546 0.509769 0.55092882 0.52658187 0.47227947 0.40015192 0.41899572 0.37341956 0.43394695
0.7918274 0.74765151 0.74917497 0.69193415 0.71062434 0.73622635 0.72185325 0.729632 0.72923224 0.72323052 0.72066614 0.72506334 0.71017508 0.69196458 0.69869854 0.68651568 0.62279844 0.6560624 0.59494136 0.6029163 0.73767166 0.71296574 0.76866349 0.77877565 0.79306302 0.78245943 0.71221319 0.78374929 0.80535897 0.71130125 0.49516323 0.36057638 0.50737524 0.49450571 0.56815807 0.45698551 0.52120577 0.63371431 0.66341198 0.62872155 0.61920165 0.61742052 0.65124509 0.67001232 0.66563553 0.65252893 0.62079347 0.58706018 0.5640917 0.54431953 0.51641263 0.49946619 0.40322308 0.39365583 0.40678902 0.39179309 0.3451051
0.73994035 0.7435103 0.71608353 0.75694713 0.76939396 0.74318978 0.74955185 0.73458064 0.73182303 0.71332619 0.72052049 0.71393257 0.71513058 0.72104183 0.7096982 0.68392275 0.66149442 0.71309595 0.71349528 0.65691496 0.72451027 0.75136554 0.77730007 0.7901071 0.79912368 0.8010014 0.7547518 0.78359377 0.78323559 0.64731603 0.62937261 0.61336849 0.59742099 0.5921547 0.58862066 0.51250094 0.64836809 0.6559351 0.67244187 0.67236241 0.67154037 0.66240668 0.66447069 0.67091539 0.6710431 0.66593567 0.6392497 0.59281209 0.57977695 0.55125724 0.50175057 0.5139528 0.42911292 0.45461496 0.37335774 0.41483812 0.49030771
0.72348716 0.71350714 0.74869144 0.73975833 0.77078717 0.75854568 0.71343363 0.70183423 0.72448888 0.73383362 0.71789073 0.68915166 0.69463932 0.70923526 0.70374335 0.708746 0.73001628 0.74153201 0.7533716 0.75468916 0.75873325 0.77388182 0.76002103 0.79362598 0.74571291 0.76230797 0.53203553 0.79580088 0.66792243 0.65893527 0.74508292 0.73442344 0.57191753 0.60869262 0.60323786 0.62818886 0.59076649 0.66856231 0.6916635 0.6915492 0.68998161 0.68392833 0.67465574 0.67179224 0.6664002 0.65822789 0.64883269 0.64033799 0.63266746 0.5812976 0.51947191 0.49630822 0.5175024 0.59804422 0.41127042 0.48076565 0.53633429
0.74331314 0.75361792 0.7700014 0.64402214 0.73307658 0.75416051 0.75825594 0.75259329 0.74507925 0.74473092 0.72488567 0.68001787 0.67164126 0.68410963 0.69551593 0.7257019 0.75064707 0.7616778 0.75460938 0.7499023 0.65650402 0.71619692 0.75381027 0.76389427 0.7808123 0.80129472 0.78936195 0.67780719 0.6762848 0.71386784 0.74230081 0.68640732 0.63203026 0.63423993 0.57777337 0.59189143 0.58416339 0.67698992 0.62721905 0.66343558 0.67782294 0.68038094 0.66915501 0.66435801 0.65896315 0.64150788 0.61518056 0.59423216 0.61077449 0.61441379 0.5824313 0.48677286 0.52155254 0.54250646 0.62436425 0.47212314 0.62573647
0.78745024 0.8216793 0.75502996 0.7932629 0.75064664 0.74856858 0.76284316 0.76527302 0.75851298 0.7567987 0.74463024 0.73184372 0.6812981 0.6703148 0.69513192 0.703472 0.74632024 0.76624872 0.76541283 0.7523474 0.74129171 0.7511202 0.71278062 0.71398532 0.77889573 0.69552371 0.68477366 0.6813168 0.79290833 0.78081615 0.74993945 0.65221641 0.6342015 0.7098744 0.64545435 0.65084439 0.62545497 0.63337614 0.6944346 0.6402236 0.64925482 0.66999669 0.66351584 0.66215446 0.66177404 0.6304676 0.60970317 0.60440113 0.56454188 0.59386502 0.53515638 0.53981255 0.49893617 0.61029519 0.56770122 0.59161959 0.68528785
0.82915305 0.81531623 0.81138016 0.79879271 0.77761535 0.7723342 0.76722823 0.76682062 0.76229551 0.74828506 0.74067988 0.74185781 0.73496638 0.72067399 0.71616417 0.72734216 0.74847246 0.76716622 0.77102591 0.7685187 0.75499726 0.72462741 0.75025313 0.76052446 0.71035157 0.70073832 0.69462763 0.6942452 0.6950872 0.77599229 0.78532159 0.62291931 0.61305171 0.50347932 0.59357726 0.63444415 0.62684226 0.63408699 0.65052782 0.66249773 0.66850998 0.69236967 0.67425297 0.67040382 0.64665436 0.61579903 0.61352364 0.61495749 0.61547425 0.65233646 0.62753189 0.59973593 0.60771394 0.54454728 0.60100139 0.63316434 0.67334302
0.83901709 0.83670272 0.83407885 0.80103687 0.75900437 0.78452887 0.76630663 0.77837938 0.75238694 0.73881366 0.74509254 0.74755562 0.74771042 0.74233454 0.74166333 0.73941026 0.73415237 0.76499283 0.76276721 0.77505149 0.76744201 0.76545202 0.74188871 0.7625562 0.77300494 0.77168073 0.76443723 0.81643645 0.8119227 0.7641124 0.7783274 0.56088159 0.72738864 0.59737448 0.59795218 0.58468456 0.62281512 0.63657462 0.70240953 0.68231307 0.67574963 0.69570649 0.68671998 0.67765772 0.66888496 0.63961027 0.60108169 0.58609003 0.60124344 0.62332597 0.65837219 0.61504715 0.57711935 0.5260253 0.64652051 0.65475435 0.67317594
0.85188308 0.83811459 0.83647881 0.82092742 0.80133711 0.80339989 0.79730662 0.76935123 0.77439068 0.76461888 0.76863891 0.75848191 0.75006709 0.74786976 0.75341525 0.75946623 0.76056776 0.77462269 0.77767952 0.77289814 0.76201757 0.76523957 0.78751327 0.77513713 0.75905094 0.7491003 0.73290308 0.75380431 0.79624819 0.58694444 0.69639569 0.70560097 0.74837985 0.63447657 0.62211684 0.66305891 0.59300606 0.63371278 0.68817928 0.67185155 0.68904668 0.68853072 0.68514018 0.68629168 0.65404119 0.65139147 0.66527695 0.66188916 0.66106401 0.63705472 0.63781994 0.57871711 0.52543127 0.55393632 0.50690092 0.63769351 0.58266907
0.83444511 0.79578914 0.83818407 0.81837181 0.8083661 0.80390732 0.78513154 0.76558375 0.76146167 0.76980925 0.75994229 0.75134161 0.74350563 0.74694002 0.74457099 0.74576655 0.76776799 0.77239081 0.7680877 0.7677219 0.75280418 0.77349041 0.73252617 0.79091875 0.77010244 0.75407238 0.77779507 0.74075002 0.62927808 0.71874201 0.75831738 0.75600689 0.74247511 0.75455305 0.66444811 0.69522598 0.5480531 0.63760177 0.69396264 0.68862775 0.67142592 0.68132834 0.68625907 0.6719914 0.67807287 0.68937264 0.69188952 0.69210099 0.68618589 0.67290892 0.64217787 0.6084923 0.59217547 0.64612693 0.66547337 0.67128237 0.66378102
0.84038253 0.81336022 0.81014251 0.82284365 0.81214215 0.79928627 0.79409232 0.77864392 0.7690064 0.76207257 0.71859198 0.73524582 0.75682408 0.76059517 0.73495211 0.72976257 0.76768085 0.76424099 0.75390071 0.7445903 0.7740728 0.78099026 0.78007253 0.78685295 0.7694257 0.7146372 0.7907746 0.69229192 0.72537727 0.69492872 0.72129704 0.7998977 0.69035122 0.72345187 0.73638372 0.69228269 0.64531569 0.69335486 0.69305671 0.6869586 0.70330081 0.67665985 0.67196914 0.63369121 0.63865931 0.66073068 0.66857092 0.67517407 0.68529271 0.68358718 0.66103896 0.65062273 0.65519877 0.68224816 0.65553294 0.67793649 0.55708735
0.75409319 0.788008 0.77353919 0.77968399 0.79143187 0.78653275 0.78969253 0.77938484 0.75576291 0.74813474 0.75870021 0.76165706 0.75854172 0.75523813 0.75199427 0.75710175 0.76844032 0.76556695 0.75724158 0.76091674 0.7618817 0.78802981 0.78095403 0.79248301 0.75901223 0.7473916 0.74674088 0.77437106 0.70876626 0.69465505 0.80836446 0.75858797 0.75299593 0.75255754 0.71965665 0.7327444 0.73956889 0.70015107 0.65667246 0.67676993 0.65687533 0.68009296 0.66271996 0.66790659 0.65558879 0.64215659 0.63677295 0.65334178 0.68348525 0.6838078 0.66672267 0.6527098 0.67594024 0.69208505 0.70279213 0.71071424 0.67936919
0.76626791 0.80914834 0.77421603 0.79602629 0.80597061 0.81137349 0.78984856 0.78604808 0.79119546 0.77770806 0.78082484 0.77747864 0.76173868 0.75205203 0.75550245 0.76027519 0.76135478 0.76161028 0.75844784 0.76183445 0.75702723 0.77694545 0.78794948 0.78206919 0.78832714 0.75552038 0.79067728 0.72507688 0.73989322 0.81290147 0.71111385 0.71800231 0.73677839 0.75029714 0.74601041 0.72439488 0.74147422 0.69763968 0.71367947 0.71581109 0.67299643 0.66779002 0.67395237 0.67054314 0.65109059 0.63933651 0.63138535 0.63593589 0.64141801 0.62626836 0.64175759 0.67029753 0.65733161 0.67006587 0.70320849 0.68084206 0.65219031
