landslides_training_model/shapes/shapes_exact_point/xgboost_suc.tif
NCOLS 441
NROWS 451
XLLCORNER -92.213079
YLLCORNER 13.747265
DX 0.0090151111
DY 0.0090031242
NODATA_VALUE -9999
[rows 75 to 99 of 451, columns 171 to 227 of 441]
0.021620367 0.021485445 0.021152219 0.02038063 0.019982716 0.019449432 0.019135614 0.018761176 0.01863941 0.018149871 0.018196142 0.017970181 0.018036863 0.018071492 0.01820081 0.018460208 0.018603426 0.018717922 0.019047819 0.019207845 0.019578587 0.019950337 0.020515009 0.022653879 0.024813605 0.024344502 0.024145995 0.026267797 0.023457765 0.022551795 0.023317497 0.02561634 0.027740257 0.023223797 0.026784315 0.023575661 0.023877458 0.023151545 0.023827967 0.02739634 0.023446267 0.023345758 0.023636281 0.023077787 0.023397623 0.022293195 0.021653595 0.021570599 0.021705788 0.022267237 0.022730963 0.022906463 0.024627538 0.027199235 0.027313437 0.024825141 0.023432091
0.021531752 0.021412378 0.020975353 0.020328818 0.019946092 0.019449238 0.018931831 0.0184716 0.0183301 0.01798301 0.017857083 0.017709556 0.018254467 0.017866651 0.017953307 0.018066028 0.018687343 0.018861855 0.019198537 0.019265361 0.019455104 0.019790536 0.02014861 0.020799051 0.021740922 0.022117106 0.022462285 0.022891673 0.02198484 0.022231911 0.023269696 0.023868208 0.024191779 0.024390513 0.024219637 0.027400946 0.023306969 0.022692505 0.025576216 0.024990972 0.026734325 0.023617007 0.022703028 0.023207037 0.023758603 0.024693634 0.022841 0.02187565 0.022002815 0.02282412 0.023401429 0.023349481 0.024531296 0.025467279 0.025127336 0.023784059 0.023072064
0.021409924 0.021405152 0.021285975 0.020861267 0.019973222 0.019666378 0.018965671 0.018563158 0.018263759 0.018037228 0.017622432 0.017529879 0.017501055 0.017476962 0.017788372 0.018239156 0.018454392 0.018969063 0.019201212 0.019259596 0.019434509 0.019725993 0.020111769 0.02043797 0.020681558 0.020916998 0.021161837 0.021245328 0.021640079 0.023291064 0.023490896 0.024102141 0.028559598 0.026984489 0.027190336 0.027824611 0.026707593 0.023657158 0.024083444 0.024118997 0.024749631 0.025747844 0.022709788 0.022483262 0.022671157 0.023145661 0.022837297 0.022417473 0.022928881 0.023406627 0.02372781 0.024515996 0.025764616 0.027904072 0.027395632 0.024239754 0.023913374
0.021554306 0.021451304 0.021575994 0.021169878 0.020351106 0.019631748 0.019122753 0.019034957 0.018609176 0.018003946 0.017723072 0.017551061 0.017579688 0.017483183 0.017823945 0.018262664 0.018545486 0.018734565 0.019185698 0.019388486 0.019562347 0.019889588 0.020168885 0.020391654 0.020534603 0.020755851 0.020956456 0.020960758 0.02130192 0.022127483 0.023112646 0.023741634 0.025006153 0.024856271 0.029064294 0.029157814 0.024650701 0.02424837 0.029578163 0.030036669 0.029514401 0.024256153 0.022574076 0.02306598 0.022437828 0.023266049 0.022993025 0.023596136 0.023845069 0.023664548 0.02421582 0.025363414 0.026707675 0.028462586 0.026758173 0.025610557 0.026792947
0.021755757 0.021639531 0.021581513 0.021141916 0.020488648 0.019863135 0.019525487 0.019143086 0.018870669 0.018361887 0.017851041 0.01761874 0.017688423 0.017687657 0.017740885 0.017956722 0.018621696 0.018746213 0.018952897 0.019290187 0.019572179 0.019953496 0.020182552 0.020305926 0.020453741 0.020654311 0.020842267 0.020968942 0.021173236 0.021844187 0.023503334 0.026163994 0.02356911 0.023598221 0.024540338 0.026192281 0.02432341 0.024459808 0.025915974 0.028906659 0.025699908 0.023359953 0.023289539 0.022772148 0.022510201 0.022779613 0.022989518 0.023709767 0.024697151 0.024698316 0.024610344 0.025347435 0.026634738 0.027792105 0.027040434 0.026751176 0.026638842
0.022091781 0.021896971 0.021845718 0.021584044 0.021193164 0.020789355 0.019778385 0.019570002 0.019338529 0.018457987 0.018088349 0.017708369 0.017572678 0.017622627 0.017943063 0.018095817 0.018710939 0.01878736 0.018965577 0.019615187 0.019763372 0.019970089 0.020139723 0.020407007 0.020676515 0.020807338 0.020902352 0.021093473 0.021344487 0.021818541 0.022880771 0.023480868 0.022868673 0.023515036 0.023719829 0.025584859 0.029534731 0.024442393 0.026715487 0.025049042 0.023453151 0.023609254 0.022539896 0.022286908 0.022402429 0.022863171 0.023507578 0.02456991 0.02515654 0.02593541 0.026350926 0.027157992 0.030320928 0.033655407 0.033390593 0.030660692 0.028099359
0.022395169 0.022391121 0.022420604 0.022562746 0.023146531 0.021710987 0.020204181 0.019633287 0.019161632 0.018710259 0.018311253 0.01790046 0.017721997 0.017824708 0.017754584 0.018083837 0.01859385 0.019537517 0.019708362 0.019740732 0.019927367 0.019991627 0.020117482 0.020395749 0.020627746 0.020801843 0.020976555 0.021133373 0.021277647 0.021626462 0.022335858 0.022240668 0.022311854 0.023515982 0.024197462 0.025246317 0.026466043 0.023601356 0.02476906 0.029454938 0.024429893 0.024132898 0.022417331 0.022295623 0.023417071 0.023950174 0.023823175 0.02460522 0.025791648 0.029602337 0.032058848 0.03212722 0.033003998 0.032239438 0.030557813 0.029648618 0.029508955
0.022673704 0.023804396 0.024208287 0.023496367 0.023253724 0.021960254 0.020672028 0.020008556 0.019395496 0.01868529 0.018330312 0.017988362 0.017741393 0.01782231 0.017853927 0.018180065 0.019123224 0.019844134 0.019947671 0.02011742 0.019975038 0.020043619 0.02016264 0.020368526 0.020638419 0.020979974 0.021169776 0.021155047 0.02122521 0.021497006 0.021860781 0.022171296 0.0224096 0.02348372 0.027390363 0.036234358 0.025395983 0.025315145 0.024964913 0.024629289 0.024219229 0.022496224 0.02219151 0.022391373 0.022977455 0.023511754 0.023919823 0.025015684 0.029772163 0.033892163 0.035449584 0.035791771 0.035603864 0.034078902 0.032553205 0.030215565 0.029763949
0.023310761 0.024161719 0.024763263 0.02415663 0.023271536 0.023065876 0.022423665 0.021477227 0.020056641 0.019057533 0.018515368 0.018198679 0.017956982 0.017883788 0.017993108 0.018274643 0.019597201 0.019972515 0.02024717 0.02008828 0.019991767 0.020152822 0.020436596 0.020537674 0.020772706 0.021056427 0.021195598 0.02132844 0.021577822 0.02190614 0.022646855 0.022547051 0.022417402 0.023694911 0.026969921 0.038247393 0.025356712 0.025936086 0.030178801 0.026092281 0.025744604 0.022867694 0.023181818 0.022865039 0.023288679 0.024308539 0.024420243 0.026207105 0.031654099 0.033304096 0.032079459 0.031724903 0.03362523 0.036573342 0.033968125 0.030730987 0.03062814
0.023305028 0.023474647 0.023896 0.024090317 0.023368317 0.023199929 0.022470701 0.02175263 0.021117027 0.019250287 0.018695562 0.018221657 0.017973379 0.017973123 0.01814553 0.018357658 0.01937418 0.019793074 0.020368607 0.020490686 0.020200604 0.020396389 0.020664342 0.020813206 0.020929704 0.021120372 0.021274959 0.021433795 0.021663256 0.021928316 0.022159886 0.022194747 0.022885635 0.024848056 0.032838947 0.02844722 0.024958369 0.024815524 0.02603717 0.030969426 0.030511705 0.02372782 0.023478826 0.025415604 0.025022431 0.024970691 0.024980182 0.026319661 0.028759216 0.030622952 0.029976201 0.030059583 0.033402516 0.035342416 0.03163857 0.031094248 0.030505784
0.023457614 0.023247032 0.023380168 0.023853738 0.023706194 0.023902172 0.022826913 0.022531981 0.021045968 0.019442981 0.018852952 0.018399846 0.018196308 0.018471112 0.01814179 0.018497324 0.019572049 0.019600055 0.020558096 0.02070752 0.020235885 0.02037363 0.020772187 0.020960649 0.021089178 0.021230034 0.021460267 0.021610184 0.021593663 0.021687961 0.021950437 0.022182851 0.022862035 0.026901702 0.027432744 0.025499375 0.026559889 0.029239674 0.030365184 0.025581806 0.02624686 0.024371342 0.024145395 0.026977022 0.025322621 0.025258684 0.025851672 0.031114828 0.03248126 0.031225512 0.029523557 0.029419124 0.031613931 0.0327675 0.031384133 0.031690073 0.032670097
0.024133824 0.023595841 0.022800055 0.023052714 0.023247725 0.022960387 0.022860364 0.022373852 0.021252851 0.019536799 0.018910693 0.01870115 0.018387503 0.018982555 0.018533104 0.019021361 0.019574158 0.019958645 0.020603766 0.020793727 0.020691825 0.020705821 0.021023923 0.02125147 0.021351882 0.021409721 0.021552096 0.02166811 0.021675421 0.021790521 0.022082209 0.022329019 0.022651017 0.024133017 0.023535727 0.025253385 0.033338949 0.026179849 0.027889239 0.024590717 0.02486591 0.024474549 0.026585846 0.027267925 0.025438394 0.025493036 0.027831498 0.030290396 0.031506099 0.029989926 0.028942275 0.030054854 0.033346569 0.036212419 0.035742137 0.036694532 0.04437096
0.025346835 0.024453403 0.022792045 0.022429966 0.022265402 0.022290655 0.022858444 0.02241467 0.021382308 0.01966336 0.019319334 0.018850386 0.018615109 0.018706389 0.018500645 0.019518208 0.019638121 0.019685963 0.020475284 0.020971138 0.021162121 0.021365024 0.02122176 0.021282577 0.021494242 0.02158423 0.021760572 0.021871516 0.021847032 0.021969497 0.022115873 0.022128891 0.022543193 0.023134262 0.022672118 0.023271861 0.024601818 0.026151856 0.025557408 0.02525475 0.037294559 0.02585048 0.024729871 0.024833681 0.025460879 0.025817344 0.028443683 0.028483473 0.028909359 0.029001227 0.029852117 0.031358324 0.032979511 0.034238805 0.034732777 0.037845466 0.045545948
0.024839249 0.024475651 0.023309881 0.022449376 0.022023424 0.022024643 0.02239515 0.022395892 0.020899954 0.019895454 0.019375405 0.018826947 0.018643011 0.018596423 0.01943654 0.019408583 0.019710493 0.020021527 0.020385277 0.021572209 0.021794092 0.021254026 0.021289414 0.021689367 0.021752593 0.021820139 0.021997921 0.022120405 0.02218226 0.02221131 0.022134442 0.022288527 0.022252682 0.022395157 0.022319028 0.02223623 0.02282787 0.024382607 0.034186127 0.024627455 0.02671265 0.02536397 0.026062886 0.025336393 0.02593123 0.026403667 0.027452082 0.028413993 0.028895362 0.029106696 0.029969606 0.031698422 0.032896738 0.033404937 0.033951138 0.034292341 0.036107904
0.024684601 0.024278362 0.024281518 0.023674587 0.022282418 0.021936151 0.021756604 0.021342502 0.020599139 0.020074143 0.019586063 0.018891742 0.018902796 0.019505314 0.019680087 0.019402283 0.019609995 0.020106594 0.020760422 0.021584909 0.021920461 0.021274655 0.021357545 0.022083986 0.022304628 0.022532501 0.022719755 0.022738935 0.022672864 0.022518351 0.022316462 0.022242331 0.022007118 0.021920015 0.021708432 0.021664528 0.021819083 0.024874111 0.024159585 0.02312544 0.024142847 0.041059561 0.041086325 0.028695127 0.028138684 0.027893432 0.029469865 0.037126294 0.034529003 0.032573648 0.032118768 0.0332368 0.03781444 0.039129131 0.034022535 0.033994086 0.03607579
0.025420659 0.024453185 0.024193844 0.024150958 0.023460012 0.022187771 0.021701978 0.021135182 0.020609698 0.020138748 0.01979728 0.019201104 0.018977811 0.019520712 0.020142109 0.020316468 0.020308039 0.020068519 0.020639841 0.02372888 0.022134922 0.021601249 0.021672923 0.022126064 0.022500712 0.022757917 0.023041728 0.023231504 0.023155531 0.022845233 0.022561951 0.022362579 0.022314788 0.021950392 0.021844034 0.021520563 0.021686669 0.02201436 0.021733503 0.021798203 0.023253279 0.030251597 0.043405609 0.029467138 0.028551196 0.0300182 0.03107271 0.041515882 0.042974373 0.036755901 0.033852539 0.038236171 0.039928942 0.035982486 0.033309114 0.033356252 0.033706624
0.024743788 0.02457204 0.024335197 0.02424164 0.024364349 0.024035107 0.022029805 0.021361076 0.020877589 0.020417237 0.020049697 0.019471557 0.019208357 0.01888114 0.019718839 0.020077187 0.02048299 0.020340213 0.020942513 0.021877096 0.022641799 0.021919708 0.021986239 0.022273341 0.022725471 0.023340359 0.023517975 0.023570593 0.023630656 0.023445677 0.023103368 0.022770209 0.022593134 0.022335913 0.022041479 0.022088863 0.021562556 0.021627015 0.021721696 0.021610324 0.022582001 0.027360678 0.031186112 0.028816353 0.027563959 0.029145372 0.032929902 0.034819662 0.035319487 0.034648103 0.034177725 0.036117437 0.036062731 0.033533233 0.032748142 0.032813882 0.032427778
0.02454923 0.024966579 0.024943211 0.024753327 0.024714307 0.024189625 0.02244358 0.021689026 0.021159389 0.020764495 0.020288434 0.019804062 0.01942705 0.019148532 0.019128617 0.019639829 0.020220986 0.020447708 0.021572434 0.023634844 0.023040014 0.023233037 0.022821257 0.022868809 0.023713572 0.025863291 0.025140363 0.024167864 0.024537237 0.024850598 0.024291846 0.023375774 0.023233935 0.023612729 0.023366703 0.023993319 0.022344708 0.023839582 0.022094203 0.024562811 0.023178993 0.035460294 0.027260938 0.027740928 0.02786135 0.030075422 0.039991086 0.033357805 0.032885308 0.038505723 0.036709574 0.037353636 0.039270582 0.036961946 0.034557319 0.035352554 0.034092813
0.023988574 0.024410457 0.024705249 0.024534967 0.024394836 0.024470889 0.023710834 0.02224415 0.021486997 0.021030589 0.020452291 0.019989179 0.019557565 0.019138455 0.019204095 0.019980816 0.020300998 0.020634169 0.021380653 0.022504385 0.025070816 0.02457391 0.023288507 0.024874507 0.025361462 0.02570768 0.025272536 0.024790323 0.025120928 0.025466872 0.025453614 0.025163851 0.024059643 0.024759331 0.025941197 0.023451418 0.022624898 0.023029637 0.026254208 0.023002736 0.023591293 0.027242638 0.035713618 0.028634821 0.02825801 0.029094941 0.032336464 0.033769484 0.032656296 0.034623829 0.034773411 0.035346514 0.03679865 0.035897907 0.034278373 0.034020554 0.034249014
0.023947969 0.024316712 0.024296886 0.02417031 0.024739713 0.025453052 0.024713792 0.023762211 0.022077299 0.021488489 0.020938169 0.020269213 0.019646648 0.019408893 0.019408631 0.019235198 0.019545207 0.01987931 0.020996755 0.02313542 0.02534467 0.024995649 0.024194271 0.025356007 0.025496723 0.02583482 0.026331683 0.026302981 0.026924874 0.027154509 0.026172181 0.025766813 0.025653089 0.025474014 0.024942945 0.025081867 0.023765467 0.025158875 0.024669999 0.024048686 0.024573153 0.027753554 0.029210106 0.027914474 0.029119528 0.028633361 0.030394515 0.031512503 0.032064018 0.032697323 0.033497307 0.034954742 0.040215902 0.03949232 0.034621198 0.033946846 0.034254185
0.02387707 0.02416885 0.024292601 0.024389342 0.024772801 0.026037754 0.026940413 0.0243772 0.022600959 0.021979577 0.021373569 0.020680355 0.020181192 0.019614925 0.019280028 0.019289719 0.019521908 0.019936007 0.021013363 0.022931727 0.025535965 0.024587167 0.025270282 0.025833623 0.025949043 0.02693814 0.027243579 0.027344688 0.029061945 0.03064086 0.030094508 0.029828167 0.029722078 0.028597836 0.025110553 0.025450225 0.025118707 0.024864052 0.024572164 0.023891355 0.023946307 0.028352335 0.02909441 0.028179971 0.030117967 0.030708758 0.03115351 0.032031483 0.032367718 0.03257019 0.034625814 0.038874741 0.042003808 0.039191123 0.035083142 0.036716106 0.040109949
0.024101769 0.024348644 0.024557075 0.024839322 0.02578879 0.027251764 0.027105401 0.024695538 0.023306271 0.022615982 0.021990506 0.021165519 0.020601406 0.020009026 0.019635043 0.019340042 0.019667139 0.0203032 0.021369214 0.024053273 0.025685443 0.02513238 0.026840605 0.026259257 0.02614865 0.026645773 0.02688929 0.027305063 0.029902862 0.030741751 0.028366223 0.027394501 0.027101909 0.026302245 0.025133316 0.025183012 0.024126012 0.024111111 0.023927454 0.023695222 0.024501124 0.025692406 0.027367153 0.028517568 0.030959945 0.031065361 0.029730358 0.031392597 0.032165393 0.032660865 0.033836468 0.03519113 0.036825059 0.036165951 0.035030495 0.035958196 0.037062329
0.024105479 0.025860852 0.025927308 0.025704519 0.026551926 0.027350743 0.026674844 0.025475692 0.025280152 0.025620787 0.025186749 0.021925045 0.021000336 0.020325912 0.01992365 0.020030033 0.023566339 0.020949167 0.024037726 0.027687444 0.026184708 0.02505863 0.025404801 0.02565797 0.026068497 0.026621486 0.027320563 0.029708853 0.032017198 0.030130543 0.02728137 0.026550023 0.026385933 0.026492246 0.025316647 0.024821859 0.024396061 0.024647741 0.024549596 0.024551831 0.02434951 0.026367051 0.029140627 0.030465738 0.028880155 0.029717854 0.029190086 0.03156527 0.032445601 0.03356999 0.033365271 0.033526232 0.034444693 0.034854014 0.035161351 0.036130913 0.036802289
0.025587698 0.027107523 0.027259784 0.027233345 0.027690253 0.028038745 0.027689892 0.026815836 0.026718879 0.025906117 0.025347301 0.025154454 0.023259979 0.021205874 0.020661004 0.020686082 0.024659386 0.02558821 0.025585681 0.029492307 0.025311144 0.028360397 0.025422535 0.025522275 0.026561003 0.027555251 0.028417625 0.030953564 0.031241336 0.029223898 0.027729362 0.027110415 0.026896437 0.0265858 0.026097391 0.025081125 0.025217937 0.025164783 0.024747615 0.024967408 0.024665522 0.028665111 0.027468949 0.029955825 0.029087292 0.033563917 0.030620655 0.035252153 0.039573847 0.04005087 0.036259436 0.036966806 0.038821945 0.038955624 0.038738954 0.03981912 0.040438228
0.026761474 0.028318901 0.028264283 0.027816492 0.028505383 0.029034667 0.028434407 0.027984013 0.02722515 0.027599526 0.025918844 0.024888116 0.024294039 0.025607835 0.021753401 0.02113823 0.024610684 0.024262788 0.023868178 0.027787487 0.027774794 0.026977865 0.026457486 0.027399593 0.026534743 0.027393756 0.028213633 0.028900644 0.029346871 0.028825462 0.027842742 0.027122838 0.026820281 0.02654701 0.026260987 0.025495751 0.024960191 0.024711145 0.025124384 0.02501898 0.024479414 0.026240355 0.028491043 0.028291036 0.028442995 0.030211079 0.032102663 0.033347476 0.036514381 0.04122484 0.037405918 0.036673601 0.03850191 0.052958818 0.056841076 0.048917309 0.044266923
