landslides_training_model/shapes/shapes_exact_point/xgboost_suc.tif
NCOLS 441
NROWS 451
XLLCORNER -92.213079
YLLCORNER 13.747265
DX 0.0090151111
DY 0.0090031242
NODATA_VALUE -9999
[rows 25 to 49 of 451, columns 285 to 341 of 441]
0.022352754 0.02176179 0.023124796 0.025996368 0.024178239 0.02133995 0.023878364 0.022075588 0.021536573 0.021371202 0.019259926 0.018598603 0.019302677 0.018866722 0.018517893 0.018559507 0.018557224 0.019152855 0.019857895 0.020429996 0.019870556 0.019137124 0.017561448 0.018747583 0.019003876 0.016624475 0.016678404 0.01646389 0.017582885 0.017356856 0.019954464 0.019580927 0.019346653 0.0185082 0.017888412 0.017668808 0.017501945 0.018311462 0.018445169 0.017543554 0.017415032 0.017968713 0.019150924 0.019316097 0.020128524 0.020781028 0.021466944 0.024258239 0.020644162 0.023577897 0.024736606 0.03065408 0.031357366 0.033857282 0.038401598 0.042673631 0.046009603
0.022682373 0.022083326 0.02266685 0.024403837 0.022974689 0.021007025 0.021170396 0.020209678 0.01985289 0.020383343 0.019159002 0.019848441 0.018889075 0.018166592 0.018306967 0.018656063 0.018778937 0.018945329 0.019663948 0.020479335 0.019202951 0.018592163 0.017265747 0.01763645 0.021089818 0.019236424 0.016856334 0.016483269 0.016541686 0.017056983 0.018518444 0.019363858 0.01876594 0.018164468 0.018084797 0.017667633 0.017336369 0.017850846 0.017864072 0.017216195 0.017268223 0.017843379 0.018776842 0.019748318 0.021748164 0.020265403 0.020388024 0.021620805 0.021045874 0.024814392 0.029618334 0.033175152 0.0367222 0.031825107 0.038699632 0.043349264 0.046487186
0.02360136 0.022699796 0.02232665 0.02342794 0.026444407 0.022775701 0.020277042 0.019149283 0.020840077 0.019304056 0.018818943 0.019737284 0.018784671 0.018354873 0.01838584 0.018703505 0.019400228 0.019573145 0.019176281 0.019106617 0.017750725 0.017603745 0.018856144 0.017166621 0.018288978 0.018943163 0.017906994 0.017143693 0.019195937 0.019638461 0.01822577 0.01801862 0.019614786 0.019688516 0.018216728 0.018790402 0.017903809 0.01740235 0.017408267 0.017418724 0.017614635 0.018650342 0.020684487 0.020640033 0.021393637 0.019847561 0.020761348 0.020427737 0.022777729 0.027956144 0.035536944 0.061069044 0.043579635 0.035923041 0.039910651 0.043891731 0.046818825
0.026229818 0.025811014 0.023069039 0.023658956 0.026313626 0.024224274 0.01986566 0.018834796 0.020184854 0.019688159 0.020368436 0.01911796 0.018700815 0.018619991 0.018790621 0.018996923 0.019509116 0.02011853 0.01961168 0.018028708 0.017726009 0.017706161 0.018108264 0.017370232 0.017398042 0.019051255 0.019418674 0.017953475 0.019042628 0.021231839 0.018380679 0.017798475 0.020332244 0.018786208 0.017490662 0.018302013 0.017992122 0.017661343 0.01864478 0.019742765 0.020186468 0.02141111 0.023199912 0.021928884 0.019800273 0.020152977 0.022857252 0.021088021 0.026358824 0.02974142 0.036821924 0.050652152 0.043499111 0.039985707 0.041238634 0.044115685 0.046950098
0.025397589 0.025697805 0.024414902 0.022520991 0.022873361 0.021232474 0.01924362 0.020672221 0.019237504 0.019174885 0.019550006 0.018802368 0.018649922 0.019883194 0.019612617 0.020011856 0.020778919 0.020364873 0.019163843 0.018121861 0.018203977 0.018698849 0.017296857 0.017472822 0.017169078 0.018503137 0.018919878 0.017617226 0.018078658 0.018882254 0.01855375 0.019791498 0.018395152 0.017100385 0.016683853 0.017045038 0.017697586 0.017739453 0.018400067 0.019278261 0.019647706 0.020167784 0.021397776 0.022267772 0.019273383 0.019511801 0.021394171 0.022174281 0.025390728 0.032092 0.033461291 0.034561431 0.031734783 0.031013678 0.039013201 0.043680651 0.046862681
0.025469488 0.027180058 0.028564127 0.02191375 0.021239071 0.019653565 0.019072523 0.019612512 0.018845734 0.018437076 0.020227304 0.019626091 0.019454008 0.020496669 0.02016349 0.019727897 0.019795037 0.019131686 0.018386908 0.018860596 0.019835938 0.018651321 0.017295101 0.017213679 0.017544447 0.019708937 0.018302048 0.019601906 0.017826883 0.017720491 0.018738224 0.019759155 0.01793065 0.018696682 0.016915003 0.016764394 0.01864619 0.018161377 0.01867409 0.018617849 0.01885257 0.01965147 0.019412219 0.020276907 0.019372439 0.020100909 0.020465307 0.024286664 0.024554701 0.040465163 0.05781775 0.032432739 0.027910628 0.028163644 0.037319185 0.043159354 0.046695667
0.024204417 0.025280767 0.026739783 0.022255744 0.020101736 0.018887299 0.01881399 0.018285811 0.018364024 0.018292751 0.019615444 0.019670689 0.021178603 0.021842865 0.020814282 0.01923487 0.018574714 0.018667822 0.019238721 0.020673307 0.020938489 0.018219507 0.017529585 0.017491948 0.017989921 0.019031569 0.019718226 0.019386621 0.018628983 0.01732034 0.018787222 0.020212635 0.017694377 0.017766564 0.017078314 0.017269088 0.018079578 0.017694215 0.017959992 0.018121047 0.018467391 0.019173045 0.019060811 0.019822288 0.02124369 0.020722511 0.020359261 0.022404747 0.023807011 0.033760926 0.04441718 0.030961244 0.026484784 0.029585355 0.03757643 0.043031988 0.046591443
0.022787051 0.023042842 0.024472236 0.025475434 0.019493044 0.018327149 0.018459305 0.017900129 0.018133188 0.020441387 0.019225348 0.019547509 0.020511756 0.021515009 0.020842189 0.019230163 0.018839455 0.019168491 0.01961294 0.020885191 0.021143047 0.018406996 0.017922805 0.017989412 0.019691551 0.018322039 0.01919772 0.018318165 0.020250355 0.016940408 0.017436908 0.017992718 0.016939301 0.016476115 0.018688255 0.019388436 0.017723534 0.017172908 0.017151602 0.017446941 0.017833295 0.019099503 0.020211283 0.019705913 0.020643112 0.020426457 0.020134542 0.021568973 0.023122362 0.032626063 0.029347301 0.026714397 0.028717505 0.033220462 0.038843466 0.043170163 0.046546317
0.022444628 0.023227239 0.024387337 0.02233766 0.01959239 0.018283683 0.020532797 0.018616737 0.018929702 0.020674014 0.021641295 0.021903799 0.021973966 0.022240394 0.020906376 0.019257634 0.019276187 0.019423697 0.019087067 0.019733192 0.020361865 0.019156424 0.018662161 0.018204712 0.01975514 0.018098267 0.017886904 0.017950723 0.020847051 0.016631815 0.016356108 0.016488044 0.016485377 0.016467688 0.017541416 0.018080924 0.01739201 0.01713686 0.017335189 0.018709274 0.018760671 0.018839814 0.020477142 0.020751546 0.019792604 0.020830972 0.02219338 0.021463016 0.025973039 0.032440307 0.03026112 0.028901682 0.028682567 0.037535165 0.039575528 0.043144414 0.046462853
0.021848564 0.023177677 0.021291552 0.019951767 0.021286869 0.018055698 0.018973164 0.018959479 0.021206509 0.020002792 0.02159508 0.021445964 0.021467071 0.0225356 0.02210681 0.019977773 0.019329875 0.019362809 0.019127014 0.01905297 0.018966086 0.018531017 0.018451589 0.018599541 0.018316911 0.017916116 0.018614371 0.017464262 0.017639832 0.016200494 0.016061892 0.018744067 0.018961717 0.016744834 0.016406252 0.016628787 0.018616356 0.017899122 0.017992774 0.018948626 0.019791819 0.01957889 0.020584503 0.021564822 0.019437956 0.020464973 0.022871084 0.020818852 0.023026197 0.029420475 0.030587849 0.028206994 0.02755682 0.030440563 0.037977903 0.042722098 0.046300062
0.021299623 0.021351404 0.019945797 0.019093686 0.019431279 0.017842239 0.018282408 0.018324927 0.019588788 0.021377341 0.019901616 0.020218324 0.01981875 0.020934142 0.020810237 0.019756512 0.019362647 0.01958552 0.019393901 0.01869721 0.018125768 0.017819595 0.017764975 0.018034396 0.018136359 0.020112359 0.020733855 0.019474407 0.016423892 0.016201932 0.016023057 0.01735647 0.017509176 0.018852582 0.01657911 0.016414773 0.017913199 0.019701724 0.020343346 0.019355835 0.020537957 0.02178158 0.021009568 0.019828437 0.018950314 0.019371306 0.020872526 0.022133598 0.020524401 0.023922569 0.025413133 0.028908376 0.029972228 0.025711122 0.036267072 0.04226232 0.046141883
0.021737664 0.020761076 0.021657351 0.018928344 0.018773716 0.018220917 0.018522384 0.018690473 0.021111188 0.020304976 0.021472469 0.019770795 0.02011729 0.020147877 0.019866954 0.019447528 0.01963341 0.020478178 0.019930255 0.018581234 0.018572254 0.01904762 0.017811987 0.017747937 0.018102478 0.019063425 0.018878761 0.017922766 0.016260728 0.016158948 0.018495487 0.016316634 0.016185921 0.017123528 0.016601361 0.016536002 0.017128402 0.018587317 0.020123474 0.019253053 0.01944478 0.020802791 0.020481026 0.019996925 0.020258618 0.019003124 0.0193498 0.02059647 0.019896036 0.022010549 0.023332436 0.029771323 0.028076211 0.024978832 0.03601839 0.042145759 0.046087339
0.024481926 0.020457414 0.020477532 0.019423141 0.018367153 0.018019832 0.018242354 0.021254125 0.02047263 0.019331114 0.022624565 0.020076395 0.02035391 0.020196782 0.021019668 0.019588992 0.019718318 0.019893869 0.019114164 0.018269049 0.018442996 0.018684371 0.017784027 0.017577203 0.018103965 0.01952588 0.017591514 0.017037486 0.018958924 0.016425097 0.016991367 0.016241453 0.01580448 0.016203414 0.018587103 0.016878055 0.018843908 0.01774788 0.018582839 0.018706058 0.018567583 0.020190005 0.02058554 0.019760267 0.019630054 0.018833655 0.018727116 0.019030448 0.019742799 0.02105149 0.022282623 0.024710074 0.024972692 0.029584598 0.037222836 0.042369051 0.046136353
0.024455659 0.020478538 0.020311718 0.021434784 0.018469035 0.01792278 0.018081461 0.019708848 0.022456399 0.018995442 0.01976482 0.019110096 0.021414879 0.021639235 0.019968304 0.018723746 0.018675952 0.018672095 0.018336259 0.018165712 0.018850008 0.019225323 0.017846684 0.017413908 0.017685956 0.018355222 0.017153533 0.017045747 0.021061193 0.01933972 0.016561802 0.016285568 0.01593113 0.016182518 0.017260717 0.016567996 0.017502239 0.017258913 0.019497878 0.02043882 0.018954702 0.0192146 0.020778154 0.020255318 0.019630046 0.020225248 0.018888478 0.019649117 0.022077835 0.021358382 0.024479829 0.023320666 0.025266232 0.03293762 0.038167575 0.042560497 0.046195781
0.024734321 0.022640627 0.020614784 0.020267103 0.019420964 0.020726169 0.018724068 0.019172851 0.023054162 0.018899076 0.020832422 0.018775006 0.019347899 0.019530884 0.018489242 0.017904004 0.017935202 0.01849006 0.018549162 0.018518499 0.019099573 0.019088196 0.01791127 0.017658178 0.017482887 0.017184341 0.016829561 0.016954788 0.01809923 0.017737376 0.016695112 0.016724066 0.016187291 0.016226697 0.018766338 0.016526218 0.016647203 0.017118321 0.018520891 0.019186577 0.018498694 0.018604962 0.020796943 0.02098302 0.019658316 0.019777298 0.019113814 0.01999531 0.021074061 0.02222357 0.024734484 0.025298008 0.024364825 0.026152154 0.037281308 0.042468586 0.046195461
0.022866877 0.021391647 0.020222898 0.019934672 0.019580076 0.019396475 0.019097788 0.021412543 0.020243567 0.018505612 0.018892984 0.018189677 0.018293004 0.018330977 0.017982613 0.017770127 0.017893023 0.018264337 0.019563042 0.0204149 0.01952213 0.018419716 0.018142686 0.017774324 0.017407069 0.017107768 0.016904043 0.017073406 0.019249581 0.016791596 0.016472917 0.016365142 0.016631084 0.01913118 0.017557699 0.016742478 0.016852225 0.018605003 0.017725404 0.017665629 0.018293896 0.018569338 0.019708173 0.019834832 0.018901272 0.018911406 0.019858362 0.021374415 0.02022967 0.022453521 0.022973979 0.02388171 0.027169742 0.029319575 0.037104529 0.042311995 0.046148793
0.022983075 0.02076742 0.021849159 0.019503807 0.018832846 0.018287377 0.018480421 0.018844814 0.01831443 0.020673164 0.017973119 0.017701183 0.01798075 0.019247763 0.018352849 0.018112309 0.017949098 0.018146263 0.019073462 0.019616032 0.01889724 0.018274779 0.018824964 0.019155938 0.017511681 0.017342108 0.017099647 0.017246745 0.018118374 0.017165927 0.017287078 0.019453658 0.019812697 0.018288808 0.016973601 0.016616544 0.017258978 0.017860605 0.017908291 0.017715043 0.017920837 0.018564904 0.018840176 0.019791986 0.019619977 0.018663481 0.01940115 0.020264431 0.020232651 0.021362953 0.024091314 0.02197092 0.024660534 0.024846008 0.036472813 0.04208595 0.046078804
0.022415057 0.020930699 0.021218916 0.019430141 0.019193225 0.018739798 0.018650407 0.017876851 0.017874517 0.019289491 0.017926031 0.018230715 0.018808835 0.018872552 0.018450617 0.018350482 0.018376459 0.019684179 0.019294512 0.018769649 0.018552869 0.0191581 0.019968912 0.018885172 0.017818543 0.017808274 0.017745125 0.018101762 0.020156033 0.020018664 0.017428525 0.017993088 0.018201115 0.016962439 0.016841954 0.019432268 0.019966222 0.017549086 0.019763922 0.018309218 0.017852009 0.018083813 0.018323067 0.018969535 0.019045304 0.018605549 0.019133098 0.020492539 0.022344125 0.020547029 0.021791238 0.021181789 0.02208764 0.023942028 0.035659267 0.041851266 0.046020912
0.023324129 0.021023959 0.020326674 0.019699163 0.019412167 0.018480237 0.018334075 0.01775271 0.017917377 0.020867615 0.018420978 0.020736601 0.018795381 0.018130023 0.018086431 0.018436683 0.01856869 0.019218895 0.019123643 0.018704621 0.01868525 0.019163154 0.019296259 0.018544023 0.018227269 0.018092229 0.018122602 0.018174468 0.019112573 0.021392155 0.017331759 0.016791438 0.019579928 0.016579897 0.016621158 0.01782116 0.018411246 0.017558299 0.020941096 0.018608327 0.017940338 0.017923281 0.018578585 0.018649671 0.018509122 0.018788722 0.02015246 0.023414177 0.025115205 0.023262198 0.021496864 0.024895328 0.025646092 0.024167819 0.035642291 0.041783719 0.046019623
0.022546761 0.021513367 0.022160062 0.019742749 0.019264278 0.018653981 0.01820406 0.017892311 0.017928039 0.019353388 0.018252875 0.0191425 0.018178162 0.018295466 0.018267229 0.020541674 0.020892944 0.019279519 0.018591358 0.018365748 0.018458145 0.018841758 0.019837527 0.021026393 0.020903228 0.020035554 0.018161884 0.017735118 0.017822614 0.018249166 0.017118264 0.016609351 0.017606348 0.016601796 0.019607588 0.017173832 0.017215854 0.017030441 0.018207601 0.018152531 0.018227876 0.018467951 0.020469196 0.020075874 0.019083027 0.019250043 0.020187291 0.021480792 0.022791225 0.024865496 0.022098249 0.024438959 0.023673674 0.024911509 0.035776631 0.041833889 0.046082383
0.022794728 0.022783622 0.021985429 0.020417463 0.020568218 0.02167777 0.019321517 0.01847452 0.019596208 0.018850472 0.019480538 0.018519108 0.018137539 0.020869586 0.021181889 0.019934021 0.019877042 0.019162408 0.018708448 0.018456636 0.018603956 0.019084391 0.020370413 0.021394518 0.020697892 0.019918369 0.018162664 0.018026004 0.019706799 0.017508506 0.016930465 0.016522598 0.016477497 0.016833749 0.021514623 0.017608769 0.017558625 0.017048331 0.018093241 0.018099751 0.020413367 0.021475533 0.022805446 0.020882628 0.020730104 0.020616631 0.019540199 0.019706487 0.020749614 0.022198972 0.022503469 0.022509299 0.022667758 0.024479433 0.035908956 0.041958483 0.046200773
0.023883969 0.023497824 0.022097035 0.02296412 0.020925853 0.021208922 0.022222566 0.01962437 0.019929217 0.019302856 0.019920941 0.018893149 0.018194443 0.019195653 0.01944673 0.019068591 0.020689401 0.019142215 0.018746248 0.018828157 0.018928505 0.019135877 0.020595957 0.022184208 0.021798557 0.020642018 0.018299937 0.018018245 0.018369502 0.017222691 0.016954163 0.016897273 0.016570635 0.016989302 0.021564672 0.017314634 0.017630519 0.017773094 0.018161129 0.018125735 0.01954518 0.020198375 0.020521497 0.019907125 0.02163688 0.021327645 0.019433313 0.01955972 0.020146122 0.021087764 0.022148888 0.02241739 0.022997297 0.025960001 0.036280633 0.042174949 0.046366586
0.025471602 0.023927564 0.023170032 0.024348893 0.020703035 0.020215167 0.020584952 0.020247921 0.022339753 0.019202402 0.019435017 0.018774297 0.018357067 0.020905949 0.01846791 0.018595829 0.019479388 0.019110482 0.019071829 0.020553047 0.019841093 0.019245082 0.020017372 0.020748507 0.020462629 0.019692026 0.019054398 0.019871479 0.017605432 0.017162796 0.017372464 0.017447797 0.016603477 0.016719712 0.017748443 0.017383873 0.01749041 0.020742113 0.021130736 0.018526735 0.018835914 0.0209323 0.019882179 0.01934946 0.020094037 0.020309023 0.019836609 0.019943447 0.020376395 0.021415068 0.02290383 0.022210297 0.023153046 0.026118283 0.036826638 0.042459405 0.046551318
0.025531881 0.024804567 0.023945584 0.022646266 0.021453652 0.022729315 0.020539345 0.021495412 0.021929567 0.01974187 0.019711901 0.019246289 0.018515475 0.019462447 0.018815021 0.020849402 0.019144902 0.019093546 0.019133593 0.021645957 0.020496344 0.019601665 0.020731515 0.02078251 0.019412219 0.0195316 0.020729149 0.019341029 0.017682377 0.017490137 0.017975726 0.020157626 0.017416392 0.019905477 0.017275931 0.018023581 0.017688573 0.018901104 0.019480048 0.021328797 0.019697027 0.019999227 0.019618489 0.019343493 0.019541564 0.021335387 0.023064518 0.02351791 0.024062949 0.025034862 0.025503609 0.02388264 0.025452184 0.030350831 0.037596794 0.04266214 0.046684433
0.025905135 0.026776579 0.025155079 0.022258479 0.021665412 0.022424899 0.021215689 0.023702328 0.020928365 0.023010415 0.021243844 0.019650342 0.021510282 0.018485546 0.018637044 0.019906442 0.018877505 0.018849474 0.020809861 0.0206938 0.01983913 0.01965521 0.021436275 0.021216715 0.019157796 0.019026862 0.019170511 0.018315173 0.017987664 0.018313218 0.020666615 0.018731095 0.017516374 0.017976931 0.017516283 0.021048742 0.018098933 0.021075435 0.018416418 0.020057294 0.019160168 0.019274233 0.019543939 0.019964275 0.020061047 0.021155004 0.022519686 0.023019573 0.023379654 0.024254559 0.025194047 0.024873201 0.024850714 0.02761326 0.037037716 0.042383728 0.046681455
