landslides_training_model/shapes/shapes_mean/ada_boost_mean_suc.tif
NCOLS 441
NROWS 451
XLLCORNER -92.213079
YLLCORNER 13.747265
DX 0.0090151111
DY 0.0090031242
NODATA_VALUE -9999
[rows 25 to 49 of 451, columns 114 to 170 of 441]
0.4938318 0.49379032 0.49374783 0.49370428 0.49365959 0.49361369 0.49356651 0.49351794 0.49346789 0.49341623 0.49336284 0.49330756 0.49325018 0.49319046 0.49312807 0.49306258 0.49299331 0.49291922 0.49283832 0.49274614 0.49262769 0.49240503 0.49236616 0.49236602 0.49241098 0.49235372 0.49223218 0.49222311 0.49201505 0.491856 0.49169264 0.49170398 0.49157404 0.4913448 0.49140626 0.49137543 0.49120723 0.49100891 0.49080972 0.4908943 0.49103834 0.49146632 0.49166845 0.49165935 0.49167025 0.49166375 0.49167509 0.49170525 0.49174296 0.49175553 0.49170611 0.49160492 0.49152078 0.49180182 0.49205729 0.49191795 0.49218136
0.49383194 0.49379052 0.4937481 0.49370461 0.49365999 0.49361416 0.49356705 0.49351855 0.49346857 0.49341699 0.49336367 0.49330847 0.49325117 0.49319156 0.4931293 0.49306399 0.49299503 0.49292151 0.49284191 0.49275336 0.49264925 0.49251663 0.49246653 0.49251161 0.49247738 0.49233614 0.492206 0.49204708 0.49180071 0.49169321 0.4917176 0.49174733 0.49162958 0.4916235 0.49161726 0.49122577 0.49114853 0.4909969 0.49083951 0.49089354 0.4910348 0.49143166 0.49164868 0.49164736 0.49179233 0.49175301 0.49165858 0.49168449 0.49174224 0.49163891 0.49142298 0.49136984 0.49133148 0.49148353 0.49170805 0.49164493 0.49177235
0.49383248 0.49379114 0.4937488 0.4937054 0.49366086 0.49361512 0.4935681 0.49351969 0.4934698 0.49341832 0.49336511 0.49331001 0.49325284 0.49319337 0.49313131 0.49306627 0.49299771 0.49292487 0.49284653 0.49276074 0.4926638 0.49254145 0.4925101 0.49255464 0.49251546 0.49242253 0.4923168 0.4920997 0.49190798 0.49181847 0.49186337 0.49192902 0.49178834 0.49172266 0.49164558 0.49145902 0.49136089 0.49096894 0.49092135 0.49091218 0.49104002 0.4914515 0.49159793 0.49170028 0.49183225 0.49175729 0.49165912 0.49168459 0.49169643 0.49149533 0.49123285 0.49123379 0.49122071 0.49122194 0.49149392 0.49150068 0.49149002
0.49383339 0.49379215 0.49374991 0.49370661 0.49366219 0.49361656 0.49356964 0.49352134 0.49347157 0.4934202 0.49336711 0.49331215 0.49325513 0.49319584 0.49313402 0.4930693 0.49300121 0.49292903 0.49285163 0.49276682 0.49266872 0.49253583 0.49244429 0.49247514 0.49247722 0.4924036 0.49232475 0.49220517 0.49202649 0.49191291 0.49187212 0.49200949 0.49183768 0.49167424 0.49195295 0.4916466 0.491423 0.49099432 0.49092534 0.49091104 0.49107585 0.4914409 0.49162035 0.49172121 0.49183725 0.49175123 0.49166562 0.49172258 0.49163447 0.49136069 0.49121047 0.49123318 0.49133791 0.49124725 0.49148345 0.49149434 0.49154596
0.49383466 0.49379353 0.49375142 0.49370824 0.49366394 0.49361844 0.49357165 0.49352349 0.49347384 0.49342261 0.49336965 0.49331484 0.49325799 0.49319891 0.49313735 0.49307299 0.49300541 0.49293396 0.49285755 0.4927737 0.4926748 0.49253023 0.49241106 0.49239702 0.49241804 0.49230453 0.49222081 0.49222137 0.49201714 0.49186793 0.49183454 0.49188502 0.49181743 0.4918081 0.49188718 0.49163544 0.49147038 0.49107891 0.49086329 0.49086234 0.49109303 0.49155022 0.49162684 0.49169832 0.49178345 0.49175099 0.49171238 0.49173217 0.49163119 0.49136284 0.49124971 0.49143597 0.49148895 0.4914499 0.49150269 0.49153445 0.49154437
0.49383625 0.49379527 0.49375329 0.49371026 0.49366611 0.49362075 0.49357411 0.49352609 0.49347659 0.4934255 0.4933727 0.49331804 0.49326138 0.49320251 0.49314122 0.49307723 0.4930102 0.49293962 0.49286471 0.49278373 0.49268996 0.49254023 0.4924802 0.49240446 0.49228634 0.49223375 0.4922583 0.49222821 0.4921343 0.49204996 0.49185803 0.491908 0.49173364 0.49188893 0.49190775 0.49166781 0.49158397 0.4911824 0.49090698 0.49086876 0.49111272 0.49149449 0.49160948 0.49163239 0.49169983 0.49175925 0.49175352 0.49169983 0.49162521 0.49150452 0.49145754 0.49153646 0.49140032 0.49123612 0.4915452 0.49156038 0.49160317
0.49383816 0.49379733 0.49375552 0.49371265 0.49366866 0.49362347 0.49357699 0.49352913 0.49347978 0.49342885 0.49337621 0.49332172 0.49326522 0.49320655 0.49314551 0.49308187 0.49301537 0.49294571 0.49287267 0.49279664 0.4927236 0.49272937 0.49255525 0.49240462 0.49224658 0.49226064 0.49230834 0.49220321 0.49213757 0.49199467 0.4919295 0.49196535 0.49189865 0.49193335 0.49185714 0.49161518 0.4912134 0.4910061 0.49083624 0.49091909 0.49104661 0.49120739 0.49152763 0.49169976 0.4916677 0.4917537 0.49176455 0.49167603 0.49161508 0.49158201 0.4914901 0.49134125 0.49119433 0.49107416 0.49130543 0.49155015 0.49171329
0.49384035 0.4937997 0.49375807 0.49371538 0.49367158 0.49362656 0.49358026 0.49353257 0.4934834 0.49343263 0.49338015 0.49332581 0.49326947 0.49321097 0.49315012 0.49308674 0.49302064 0.49295168 0.49288002 0.49280708 0.49274183 0.49274486 0.49256853 0.49238233 0.49231226 0.4922959 0.49223053 0.49210757 0.49194934 0.49180787 0.49183492 0.49185203 0.49187242 0.4919235 0.49171296 0.49145901 0.49102055 0.49084836 0.49078171 0.49079109 0.49098162 0.49116241 0.49120679 0.49160996 0.49171307 0.49184264 0.49181088 0.49169685 0.49165848 0.49163923 0.49145851 0.49118442 0.49112699 0.49122771 0.49137545 0.49155062 0.49168683
0.4938428 0.49380235 0.49376092 0.49371844 0.49367483 0.49363002 0.49358391 0.49353641 0.49348742 0.49343681 0.49338448 0.49333028 0.49327407 0.49321568 0.49315494 0.49309169 0.49302575 0.49295704 0.49288572 0.49281264 0.49274015 0.49266923 0.49261101 0.49246037 0.49239463 0.49229732 0.49211735 0.49196615 0.49181895 0.49169545 0.49175144 0.49172515 0.49173319 0.49178569 0.49170529 0.49143693 0.49104153 0.49080325 0.49080428 0.49078502 0.49094123 0.49113105 0.49115256 0.49155231 0.49178138 0.49186998 0.49178038 0.4917136 0.49170558 0.49169467 0.49151405 0.49121626 0.491196 0.49135195 0.49163922 0.49166457 0.49160737
0.49384549 0.49380525 0.49376404 0.49372178 0.4936784 0.49363381 0.49358791 0.49354061 0.4934918 0.49344137 0.49338918 0.4933351 0.49327898 0.49322064 0.49315991 0.4930966 0.49303053 0.49296155 0.49288966 0.49281513 0.49273918 0.49266767 0.49264685 0.49253582 0.49242715 0.49232705 0.49211907 0.49189137 0.49178 0.4917214 0.49173741 0.49165582 0.49148791 0.49169348 0.4916822 0.49149822 0.49110065 0.4909214 0.49082813 0.49089173 0.49090622 0.49106598 0.49129135 0.49157804 0.49171629 0.49174858 0.49176105 0.49174353 0.49173032 0.49172547 0.4916253 0.49141366 0.49130305 0.49143405 0.49166973 0.49168964 0.49165803
0.49384837 0.49380838 0.49376741 0.4937254 0.49368226 0.49363791 0.49359224 0.49354516 0.49349655 0.49344628 0.49339424 0.49334026 0.49328418 0.49322582 0.49316498 0.49310144 0.49303496 0.49296526 0.49289206 0.49281508 0.49273449 0.49265487 0.49262018 0.49252044 0.49239292 0.49222074 0.49201104 0.49184074 0.49174426 0.49170065 0.49172144 0.4916818 0.49159369 0.49169818 0.49169826 0.49160701 0.49121283 0.49098131 0.49055562 0.49078043 0.49083518 0.49109101 0.49135119 0.49160107 0.4917349 0.49172129 0.49176248 0.49178612 0.491798 0.49180672 0.49178198 0.49166072 0.4914555 0.49145186 0.4916647 0.4916872 0.49162514
0.49385143 0.4938117 0.49377101 0.49372926 0.49368639 0.49364229 0.49359687 0.49355002 0.49350162 0.49345154 0.49339963 0.49334574 0.49328967 0.49323123 0.49317018 0.49310625 0.49303911 0.49296835 0.49289334 0.49281302 0.49272507 0.49262242 0.49245947 0.49240711 0.49237841 0.49226901 0.49206343 0.49188527 0.49180493 0.49175843 0.49173885 0.49175758 0.49178091 0.49174779 0.49172158 0.49158461 0.49149075 0.49126169 0.49075404 0.49063686 0.49084354 0.49104375 0.49130901 0.49166278 0.49177717 0.49182316 0.49183304 0.49183917 0.49186076 0.49186104 0.49182357 0.49175013 0.49159189 0.49148711 0.49187076 0.49195423 0.49192918
0.49385462 0.49381519 0.49377479 0.49373334 0.49369076 0.49364694 0.4936018 0.4935552 0.49350703 0.49345714 0.49340537 0.49335154 0.49329546 0.49323689 0.49317554 0.4931111 0.49304314 0.49297108 0.49289405 0.49281038 0.49271578 0.4925938 0.49234828 0.49232818 0.49234747 0.49232152 0.49220636 0.49201782 0.49186643 0.49181225 0.49175782 0.49173382 0.49172465 0.49169908 0.49171223 0.49168306 0.49162518 0.49151056 0.49094553 0.49071702 0.49095687 0.49099371 0.4911567 0.49168494 0.49175905 0.49183328 0.49181698 0.49186975 0.49190447 0.49185877 0.49179508 0.49177806 0.49173805 0.49171947 0.4920234 0.49213167 0.49220545
0.49385792 0.4938188 0.49377872 0.4937376 0.49369534 0.49365184 0.49360699 0.49356067 0.49351275 0.49346306 0.49341144 0.4933577 0.49330159 0.49324285 0.49318115 0.4931161 0.49304719 0.4929737 0.49289463 0.4928082 0.4927105 0.49258856 0.49238053 0.49237951 0.49238362 0.49233383 0.49224932 0.49207115 0.49182784 0.49171431 0.49175381 0.4917431 0.49170701 0.49172149 0.49169601 0.4917184 0.49171599 0.49152652 0.49097115 0.49097683 0.49100134 0.49106509 0.49116855 0.49167044 0.49189032 0.49208993 0.49207307 0.49208041 0.49211848 0.49200461 0.49184535 0.49182158 0.49185563 0.49189709 0.49211057 0.49222651 0.4922766
0.49386128 0.49382251 0.49378278 0.49374201 0.4937001 0.49365694 0.49361243 0.49356642 0.49351877 0.49346932 0.49341788 0.49336422 0.49330809 0.49324918 0.4931871 0.49312138 0.49305141 0.49297635 0.49289507 0.49280595 0.4927067 0.49259425 0.49247664 0.49230332 0.49230506 0.49231759 0.4922151 0.49207163 0.49192738 0.49181931 0.49182966 0.49176015 0.49174622 0.49171196 0.49179531 0.49178801 0.491636 0.49153548 0.49100855 0.49098657 0.49097884 0.49113589 0.49119985 0.49168015 0.49201849 0.49209615 0.49216975 0.49215528 0.49213649 0.49211839 0.49198594 0.49186193 0.49190714 0.49202374 0.49221068 0.49230001 0.49230228
0.49386466 0.49382626 0.49378692 0.49374653 0.49370501 0.49366224 0.49361809 0.49357242 0.49352509 0.49347591 0.49342468 0.49337114 0.49331502 0.49325594 0.49319349 0.49312708 0.49305597 0.49297916 0.49289524 0.49280233 0.49269841 0.4925863 0.49253117 0.49223679 0.49215775 0.4921396 0.49200619 0.49192413 0.49190113 0.49184571 0.49190066 0.49186013 0.49179879 0.49180471 0.49176022 0.49159087 0.49163141 0.49169438 0.4913157 0.49096953 0.49108466 0.49120698 0.49156157 0.49185818 0.49202562 0.49215552 0.49211015 0.49211695 0.49211703 0.49209647 0.49202074 0.49192256 0.49196251 0.49212379 0.4921468 0.49222542 0.49231009
0.493868 0.49383002 0.4937911 0.49375114 0.49371004 0.49366769 0.49362394 0.49357867 0.4935317 0.49348284 0.49343186 0.49337849 0.49332242 0.49326324 0.49320044 0.49313336 0.49306111 0.49298241 0.49289538 0.49279705 0.49268243 0.4925428 0.49235034 0.49206803 0.4919832 0.49195402 0.49188731 0.49186481 0.4918547 0.49184099 0.49190238 0.4918616 0.49186148 0.49189436 0.49185065 0.4916267 0.49172905 0.49192041 0.49157689 0.49139804 0.49141111 0.49147301 0.49160139 0.49190395 0.49208578 0.49216175 0.49208718 0.49213546 0.49211046 0.49204871 0.49204607 0.49209654 0.49211944 0.49207071 0.49210486 0.49217195 0.49215247
0.49387127 0.49383374 0.49379527 0.49375578 0.49371515 0.49367326 0.49362997 0.49358514 0.49353858 0.49349009 0.49343943 0.49338631 0.49333036 0.49327115 0.49320809 0.49314044 0.49306713 0.4929866 0.49289637 0.49279196 0.49266371 0.49248301 0.49211442 0.49204066 0.4919804 0.49194396 0.49195686 0.49192939 0.4918554 0.49184637 0.4918555 0.49181551 0.49184954 0.49182808 0.49186854 0.49191404 0.49186773 0.49194613 0.49175997 0.49158888 0.4916188 0.49180477 0.49179928 0.49196699 0.49214213 0.4922619 0.49220151 0.49209682 0.49209168 0.4920781 0.49208162 0.49212594 0.49212578 0.4920828 0.49211637 0.49215979 0.49211723
0.49387441 0.49383736 0.4937994 0.49376041 0.49372029 0.49367891 0.49363613 0.49359179 0.49354571 0.49349767 0.4934474 0.4933946 0.49333887 0.49327974 0.49321657 0.4931485 0.49307434 0.49299228 0.49289935 0.49279 0.49265141 0.49244055 0.4919132 0.49189546 0.49201165 0.49200077 0.49201018 0.49197926 0.49186075 0.49176237 0.49173094 0.49180611 0.49175465 0.4917477 0.49180125 0.49177049 0.49187748 0.49188702 0.49179989 0.49172446 0.49198487 0.49211158 0.49204906 0.49208309 0.49218073 0.49217126 0.49216144 0.49203213 0.49203421 0.49200479 0.4919515 0.49193105 0.49196366 0.49207473 0.49213391 0.49215526 0.49213062
0.49387735 0.49384084 0.49380341 0.49376497 0.49372541 0.49368459 0.49364237 0.4935986 0.49355306 0.49350554 0.49345576 0.49340338 0.493348 0.49328909 0.49322596 0.49315771 0.49308301 0.49299989 0.49290515 0.49279291 0.49265059 0.49244254 0.49204233 0.49192303 0.49196048 0.49202198 0.49205852 0.49199126 0.49180439 0.49164725 0.49166279 0.49175688 0.49167507 0.49180173 0.49191159 0.49174623 0.491846 0.4916756 0.49165007 0.49190925 0.49198583 0.49204695 0.49211197 0.49220815 0.49220596 0.4919849 0.49205755 0.49200138 0.49191832 0.49187308 0.49183446 0.49184557 0.49190664 0.49199764 0.4921114 0.49210009 0.49205013
0.49388004 0.4938441 0.49380726 0.49376941 0.49373046 0.49369025 0.49364866 0.49360551 0.49356059 0.49351368 0.49346448 0.49341265 0.49335775 0.49329922 0.49323635 0.49316816 0.49309328 0.49300965 0.49291394 0.49280028 0.49265682 0.49245485 0.49209438 0.49197651 0.49195746 0.49199917 0.49209989 0.49203602 0.49183478 0.49174391 0.49179844 0.49185592 0.49184366 0.49186135 0.49201457 0.49178968 0.49177848 0.49174636 0.49202052 0.49196328 0.49206094 0.49218106 0.49233365 0.49228336 0.49221358 0.49212223 0.49208554 0.49195955 0.49180414 0.49180349 0.49175148 0.49179014 0.49188276 0.49184456 0.49189197 0.49190199 0.4918386
0.49388241 0.49384708 0.49381087 0.49377367 0.49373537 0.49369584 0.49365492 0.49361246 0.49356825 0.49352204 0.49347353 0.49342238 0.49336811 0.49331015 0.49324776 0.49317992 0.49310522 0.49302157 0.49292561 0.49281135 0.49266592 0.49245029 0.49195663 0.49193784 0.49199688 0.49195696 0.49203117 0.49198664 0.4918616 0.49184191 0.49184016 0.4919269 0.49206407 0.49214931 0.49198265 0.49193132 0.49189673 0.4920535 0.49231154 0.49232053 0.49220725 0.49251393 0.49220952 0.49221538 0.49219806 0.49217805 0.49211101 0.49192013 0.49180993 0.49176728 0.49167288 0.49168643 0.491776 0.49177885 0.49179058 0.49175091 0.49177469
0.49388439 0.49384973 0.49381419 0.49377768 0.49374008 0.49370127 0.49366109 0.4936194 0.49357596 0.49353055 0.49348286 0.49343251 0.49337904 0.49332185 0.49326017 0.49319296 0.49311879 0.49303558 0.49294 0.49282618 0.4926813 0.49246496 0.49198204 0.4919004 0.49189635 0.49190825 0.49191412 0.49190172 0.4918554 0.491764 0.49175326 0.49197821 0.49202907 0.49200564 0.49197617 0.49199709 0.49214661 0.49216226 0.49211312 0.49246623 0.49230135 0.49261247 0.49223715 0.49228421 0.49230731 0.49216942 0.49209768 0.49185417 0.49178951 0.49176828 0.49170424 0.4917197 0.49178722 0.49180615 0.49179265 0.49173573 0.49168426
0.49388592 0.49385197 0.49381716 0.49378137 0.49374451 0.49370647 0.49366709 0.49362622 0.49358365 0.49353914 0.49349239 0.493443 0.4933905 0.49333427 0.49327354 0.49320724 0.49313393 0.49305153 0.49295683 0.49284433 0.49270313 0.49250583 0.49217637 0.49200015 0.4919679 0.4919224 0.49183682 0.49185823 0.49192907 0.49193252 0.4919735 0.49207045 0.49202289 0.49198774 0.49208064 0.4920595 0.49234929 0.49227234 0.49240769 0.49232152 0.49224902 0.49256114 0.49247852 0.49234459 0.49224714 0.49215817 0.49213266 0.49197399 0.49189076 0.49183705 0.49183212 0.49186385 0.49189393 0.49186935 0.4918127 0.4918071 0.49168864
0.49388694 0.49385376 0.4938197 0.49378467 0.49374859 0.49371135 0.49367281 0.49363283 0.49359121 0.4935477 0.493502 0.49345372 0.49340238 0.49334735 0.49328781 0.4932227 0.49315055 0.49306926 0.49297567 0.49286446 0.49272542 0.49253316 0.49218259 0.49203754 0.49210976 0.49198663 0.49192558 0.49192389 0.49193296 0.49197312 0.49205554 0.49209895 0.49199269 0.49202287 0.49202044 0.49201966 0.49238922 0.49235366 0.49248123 0.49217443 0.49244246 0.49274437 0.49253418 0.49239295 0.49231959 0.4921364 0.49198666 0.49206622 0.49205443 0.49192314 0.49190296 0.49192991 0.4919776 0.49196403 0.4918494 0.49183327 0.49173792
