landslides_training_model/shapes/shapes_mean/ada_boost_mean_suc.tif
NCOLS 441
NROWS 451
XLLCORNER -92.213079
YLLCORNER 13.747265
DX 0.0090151111
DY 0.0090031242
NODATA_VALUE -9999
[rows 0 to 24 of 451, columns 285 to 341 of 441]
0.49352822 0.49352136 0.49350648 0.49356992 0.49356698 0.4935306 0.4935807 0.49359781 0.49349046 0.49337038 0.49331169 0.49317587 0.49271027 0.49222036 0.49239434 0.49245916 0.49255947 0.49298986 0.49287758 0.49291204 0.49304645 0.49299198 0.49296025 0.49297404 0.4930832 0.49311579 0.49314169 0.49317973 0.49318692 0.4932182 0.49321745 0.4931102 0.4929813 0.49281161 0.49273647 0.49304017 0.4926833 0.49336802 0.49347284 0.49303355 0.49320691 0.4933621 0.4932233 0.49288966 0.49287783 0.49276666 0.49303831 0.49314465 0.49317235 0.49347029 0.49365226 0.49373044 0.49379169 0.49378969 0.49378532 0.49381447 0.49385105
0.49345978 0.49360995 0.49350956 0.49353858 0.49360645 0.49356325 0.49356541 0.49356198 0.49347871 0.49340265 0.49337735 0.49332735 0.49312408 0.49264489 0.49273797 0.49304694 0.49291528 0.49315734 0.49311979 0.49309749 0.49310928 0.49322526 0.49306794 0.49302658 0.49314982 0.49320314 0.49321263 0.49311508 0.49308223 0.49316864 0.4931652 0.49305568 0.49296783 0.492791 0.49272321 0.49288104 0.49256265 0.49329469 0.49330591 0.49305605 0.49319286 0.49324318 0.49318615 0.49305357 0.49293597 0.49273092 0.4930108 0.49321063 0.4932822 0.49354135 0.49361514 0.49372126 0.49382555 0.49381308 0.49377623 0.49379759 0.49383224
0.49353536 0.49355132 0.49349063 0.49357295 0.49363279 0.49358428 0.4935733 0.4935387 0.49342125 0.49341764 0.49348834 0.49340017 0.49326768 0.49306318 0.49269376 0.49307666 0.49309424 0.49315048 0.49315004 0.4931187 0.4930646 0.49321264 0.49307971 0.49311168 0.49319123 0.4931752 0.49311853 0.49308408 0.49304622 0.49306835 0.49296434 0.49282934 0.49287113 0.49289648 0.49295294 0.492898 0.4929588 0.49288192 0.49291612 0.49320168 0.49327014 0.49337306 0.49320817 0.49312269 0.49298628 0.4930602 0.49310046 0.49307924 0.49327983 0.49352667 0.49354669 0.49367493 0.49378604 0.4937593 0.49375492 0.49378003 0.49381452
0.49345718 0.4935161 0.49353855 0.49342213 0.49350689 0.49355482 0.49355116 0.49350622 0.49340889 0.4934322 0.49353552 0.49344575 0.49330484 0.49309565 0.49265673 0.4926901 0.49279023 0.49312069 0.49326654 0.49311985 0.49305786 0.49316654 0.49297558 0.49309249 0.49310951 0.49314433 0.49299792 0.49308395 0.4930631 0.49299338 0.49266674 0.49254309 0.49283431 0.49297594 0.49300299 0.49293541 0.4928529 0.49281691 0.49300629 0.49327884 0.4933747 0.49344173 0.49320226 0.4930991 0.49302547 0.49309923 0.49318062 0.4931743 0.49319494 0.49342758 0.49349707 0.49360878 0.49370615 0.493714 0.49373785 0.49376463 0.49379827
0.49340643 0.49349556 0.49346187 0.49336583 0.49340152 0.49346349 0.49356443 0.49354837 0.49346123 0.49357286 0.49366649 0.49342579 0.49332016 0.4931242 0.4927801 0.49251297 0.49251031 0.49308341 0.49312469 0.49298621 0.49309848 0.49311463 0.49298186 0.4930369 0.4929208 0.49303374 0.49302247 0.49314742 0.49314667 0.49304698 0.49272289 0.49257467 0.49280367 0.49295932 0.49299389 0.49289412 0.49274136 0.4928369 0.49317529 0.49330905 0.49321103 0.49336829 0.49327064 0.49308732 0.49304807 0.49300757 0.49305399 0.49318275 0.49320154 0.4934047 0.49350338 0.49364448 0.49374222 0.49374748 0.49375143 0.49375423 0.49378392
0.49341167 0.49341469 0.49334894 0.49345595 0.49343113 0.49339403 0.4935146 0.4935666 0.49354422 0.493625 0.49363191 0.49342998 0.49339234 0.49337394 0.49303917 0.49261843 0.49253211 0.49310349 0.49304147 0.49302769 0.49297908 0.49297815 0.49296301 0.4929897 0.49285782 0.49295764 0.49304051 0.4932239 0.4932169 0.4930926 0.49280822 0.49269154 0.492795 0.49280602 0.49274247 0.49279402 0.49270266 0.4927852 0.49307895 0.49330683 0.49296133 0.49317284 0.4930796 0.49286911 0.49281692 0.4929761 0.492935 0.49303454 0.49314155 0.49331712 0.49342932 0.49358129 0.49371561 0.49376089 0.49374684 0.49374524 0.4937711
0.49340497 0.49343324 0.49345413 0.4933942 0.49346365 0.49345235 0.49352305 0.49359839 0.49357635 0.4934952 0.4934103 0.49340024 0.49347815 0.49352231 0.49327912 0.49289912 0.49278908 0.49291507 0.49314526 0.49314031 0.49292973 0.49288072 0.49293847 0.49292194 0.49292466 0.49298877 0.49295909 0.49304363 0.493094 0.49307833 0.49288637 0.49281594 0.49284652 0.49269947 0.49262494 0.49285715 0.49282616 0.49293879 0.49326653 0.49339678 0.49296092 0.49261813 0.49283067 0.49281293 0.49276465 0.49295129 0.49295259 0.4930311 0.49309803 0.49324285 0.49339289 0.4935668 0.49366899 0.49372231 0.49373894 0.49374047 0.49375932
0.49340933 0.49349816 0.49360332 0.49342843 0.49342637 0.49343728 0.49347345 0.4935942 0.49361916 0.49353518 0.49345415 0.49346928 0.4935505 0.49347557 0.49334866 0.4931398 0.49299654 0.4928276 0.49311659 0.49323675 0.4930547 0.49287727 0.49299552 0.49283541 0.49295398 0.49301898 0.49293694 0.49292998 0.49288965 0.49299228 0.49300066 0.49301726 0.49293816 0.49275796 0.49277568 0.49287678 0.49287675 0.49308286 0.49330445 0.49315489 0.49285284 0.49219525 0.49261598 0.49299736 0.49287353 0.49282317 0.49290175 0.49281449 0.49289595 0.49320172 0.49351889 0.49363107 0.49377856 0.49389569 0.49386201 0.4937442 0.49374601
0.49327213 0.49340812 0.49360542 0.4934942 0.49340463 0.49340088 0.49341048 0.4934977 0.49357845 0.49353339 0.49344456 0.49347519 0.49355934 0.49350685 0.49346182 0.49328033 0.49322743 0.49309783 0.49321882 0.49314843 0.49314887 0.49299676 0.49291912 0.49264379 0.49299591 0.49305188 0.49302258 0.4930912 0.49290522 0.49293049 0.49280663 0.49285653 0.49292401 0.49275574 0.49274671 0.49285868 0.49285321 0.49293134 0.49292313 0.49291614 0.49277479 0.49223838 0.49258893 0.49295094 0.49285464 0.49268348 0.49287463 0.49268847 0.49281064 0.4933214 0.49352603 0.49355278 0.49372557 0.49388361 0.4938433 0.49372017 0.49372469
0.49327729 0.49331212 0.49350685 0.4937159 0.49348311 0.49343903 0.49347178 0.49343276 0.49348623 0.49343981 0.49336007 0.49335985 0.49336981 0.49347531 0.49345355 0.49334571 0.49335171 0.4933109 0.49329108 0.4931976 0.49321478 0.49304891 0.49285526 0.49266488 0.49304397 0.49305957 0.49313394 0.49309456 0.49303275 0.49287818 0.49270275 0.49265989 0.49269297 0.49266523 0.49268465 0.49277408 0.4928082 0.4928701 0.49285482 0.49297756 0.49287124 0.49261769 0.49276219 0.4929382 0.49299221 0.49271919 0.49279941 0.49257707 0.49290811 0.49331099 0.49336377 0.49341678 0.49361571 0.49369395 0.49367322 0.49366607 0.49369415
0.49342059 0.49334675 0.49339938 0.49371453 0.4935131 0.4934327 0.49350544 0.49344871 0.49349389 0.49347576 0.49340981 0.49334941 0.49325413 0.49328735 0.49326082 0.49328382 0.49332096 0.49327517 0.49328784 0.49328096 0.49325282 0.49306409 0.49297146 0.49287266 0.49310662 0.49300934 0.49317457 0.49318579 0.49305892 0.49283676 0.49270867 0.49267801 0.49261311 0.49257892 0.49260065 0.49262528 0.49273549 0.49296569 0.4928684 0.49293188 0.49289891 0.4928575 0.49292741 0.49296948 0.49304333 0.49294229 0.49295637 0.4927379 0.49305931 0.49314303 0.4932473 0.49341196 0.49358785 0.49361478 0.49358265 0.49360646 0.49365906
0.49337662 0.49331702 0.49336473 0.49349077 0.49343757 0.49342172 0.49348066 0.49347149 0.49350324 0.49350367 0.49346537 0.49338255 0.49322864 0.49312951 0.4930972 0.49317685 0.49330417 0.4932243 0.49314106 0.49321278 0.49316271 0.49297879 0.49304865 0.49298696 0.49296675 0.4928554 0.49302134 0.4931331 0.49289759 0.49267062 0.49259075 0.49266174 0.4926659 0.49259578 0.49254826 0.4925643 0.49272589 0.49289312 0.49282906 0.49281437 0.49281442 0.49294922 0.49300372 0.49299572 0.49303555 0.49307762 0.4930899 0.49291238 0.49312566 0.49314621 0.49320743 0.49336769 0.49344255 0.49331433 0.49334942 0.49353689 0.49362446
0.49332079 0.49311842 0.49334619 0.49342139 0.49345517 0.49350336 0.49359677 0.49354634 0.49348176 0.49347693 0.49343623 0.49330529 0.49307666 0.49284915 0.49275474 0.49279653 0.49311863 0.49319869 0.49305712 0.49310212 0.49312409 0.49299855 0.49306305 0.49301724 0.49290854 0.49298705 0.49280863 0.49290106 0.49273473 0.49258124 0.49264601 0.49263426 0.4925752 0.49257679 0.49257564 0.49260937 0.49277639 0.49280902 0.49265934 0.49266512 0.49269051 0.4929706 0.49299255 0.49298379 0.493054 0.4929607 0.4929667 0.49297284 0.49308958 0.49315257 0.49310682 0.49321067 0.49323499 0.49313974 0.49324212 0.49349106 0.49359856
0.49339028 0.49327918 0.49344259 0.49358649 0.49351935 0.49356456 0.49362941 0.49358065 0.49343111 0.49335266 0.49334727 0.49326774 0.49304364 0.49277872 0.49259431 0.49252013 0.49276415 0.49297569 0.49310794 0.49304221 0.49310369 0.49306503 0.4930592 0.49300596 0.49283858 0.49287483 0.49277417 0.49273466 0.49267192 0.49259743 0.49265177 0.49260219 0.49255805 0.49257973 0.49255999 0.49258945 0.49278875 0.49278697 0.4925822 0.49255582 0.49269708 0.49273389 0.49289247 0.49292412 0.49290796 0.49292846 0.49299879 0.49306579 0.49305672 0.49301476 0.49310595 0.49316353 0.49319299 0.49320059 0.49331332 0.49348477 0.49358517
0.493241 0.49342204 0.49352678 0.4936003 0.49352792 0.49346471 0.49346574 0.49350593 0.493483 0.49333582 0.49328368 0.49329045 0.49318355 0.49293694 0.49266312 0.49251905 0.49255415 0.49270583 0.49306319 0.49301262 0.4929863 0.4930718 0.49306674 0.4929682 0.49279808 0.49272103 0.49278728 0.4927082 0.4924772 0.49252884 0.49253357 0.49256272 0.49260506 0.49266939 0.49260449 0.49253006 0.49264089 0.4927113 0.49260106 0.49257843 0.4927373 0.49291944 0.49300728 0.49311875 0.49304094 0.49314675 0.49308653 0.49312349 0.49301441 0.49302286 0.49312955 0.49310384 0.49318821 0.493226 0.49333964 0.49348734 0.49357966
0.4932015 0.49336319 0.49350889 0.49354169 0.4934901 0.4934244 0.49343236 0.49356403 0.49365677 0.4934154 0.493287 0.49325322 0.49317493 0.49304789 0.49288131 0.49284108 0.49280605 0.49287477 0.4930222 0.49297184 0.4929999 0.49305701 0.49308082 0.49274821 0.49282039 0.49253463 0.49261394 0.49270035 0.49251526 0.49254616 0.49253615 0.49259451 0.49265773 0.49268731 0.49264711 0.49256929 0.49257392 0.49263424 0.49264556 0.49265527 0.4926895 0.49300391 0.49306129 0.49314771 0.49315012 0.49312433 0.49302452 0.49316829 0.49309266 0.49314014 0.49315476 0.49321471 0.49324563 0.49325833 0.49335792 0.49349122 0.49357797
0.49332284 0.49334485 0.49351898 0.49360608 0.49356521 0.49352439 0.49365479 0.49360419 0.49350984 0.49335875 0.49326019 0.49321945 0.49315247 0.49309532 0.49306112 0.49303666 0.4929838 0.49303098 0.49298342 0.49290025 0.49299275 0.49299305 0.49292281 0.49263275 0.49274445 0.49245786 0.49250038 0.49257507 0.49259693 0.49274965 0.49268317 0.49259462 0.49260747 0.49261225 0.49260431 0.49256994 0.49254447 0.49260612 0.49272436 0.49281691 0.49276002 0.49285535 0.49281791 0.49302751 0.49309388 0.49309313 0.4930512 0.49316537 0.4930953 0.49317469 0.49322639 0.4934203 0.49332647 0.49328801 0.49338012 0.49349649 0.49357843
0.49336155 0.49341324 0.49346035 0.49360381 0.49352611 0.49348197 0.49358422 0.49343952 0.49331895 0.49330945 0.49322251 0.49318463 0.49315036 0.4931082 0.49309771 0.49302668 0.49293982 0.49289551 0.492915 0.49292966 0.49281843 0.49280942 0.49257794 0.49261341 0.49255008 0.49251398 0.49255158 0.49251823 0.49253885 0.49263425 0.49254371 0.49252317 0.49253644 0.49253041 0.49255333 0.49253648 0.49258746 0.49266819 0.49261034 0.49281008 0.4928937 0.49265264 0.49284921 0.49293514 0.49305862 0.49310744 0.49301494 0.49316021 0.49323167 0.49297684 0.49323679 0.49346932 0.49327017 0.493297 0.49339259 0.49350146 0.49358042
0.49344132 0.49338956 0.49345614 0.49336195 0.49349655 0.49343783 0.49325353 0.49326297 0.49334564 0.4933926 0.49321598 0.49313748 0.49314857 0.49318571 0.49317466 0.49299389 0.49283471 0.4927323 0.492884 0.49279051 0.49273056 0.4926561 0.49250542 0.49267655 0.4925947 0.49254564 0.49260345 0.49256201 0.49254327 0.49258255 0.49242176 0.49243217 0.49254034 0.49252507 0.4925257 0.49256495 0.49266639 0.49271956 0.49264969 0.49277068 0.49286189 0.49275701 0.49300371 0.49300717 0.49308484 0.49308285 0.49303846 0.4931951 0.49333154 0.49308952 0.49321611 0.49337026 0.49327363 0.49333886 0.49342565 0.49350947 0.493584
0.4933145 0.49335688 0.49330076 0.49322948 0.49344387 0.49339147 0.49323201 0.49323941 0.49327985 0.49330184 0.49315333 0.49310697 0.49317972 0.49322713 0.49314347 0.49294143 0.49279868 0.49268926 0.49269267 0.49263645 0.49264876 0.49251181 0.49252273 0.49269582 0.49266578 0.4924885 0.49263524 0.49263649 0.49255691 0.49256809 0.4924314 0.49241251 0.49255478 0.4925706 0.49252104 0.49253306 0.49262879 0.49273434 0.49277686 0.49280574 0.49288935 0.49294204 0.49295823 0.49303521 0.49305415 0.49301594 0.49302078 0.49303498 0.49324284 0.49315865 0.49311707 0.49327621 0.49320134 0.493314 0.49342092 0.49351428 0.49358888
0.49323511 0.49329471 0.4932332 0.49323865 0.49322157 0.49331409 0.49323275 0.49322559 0.49307929 0.49301709 0.49306081 0.49308531 0.49306439 0.49304133 0.49286242 0.49272953 0.49281437 0.49259998 0.49236322 0.4924683 0.49249955 0.4924185 0.49250982 0.49254175 0.49251248 0.49251659 0.49260247 0.49277176 0.49257555 0.49251523 0.49239623 0.49243254 0.49254977 0.49260434 0.49253572 0.49254869 0.49260302 0.49264424 0.4926932 0.49277567 0.49292707 0.49294361 0.49295668 0.49288597 0.49287805 0.49301824 0.49301888 0.49301367 0.49302807 0.49260211 0.49259676 0.49319138 0.49323484 0.49330211 0.49341504 0.49352184 0.49359674
0.49333268 0.49334294 0.49322332 0.49325452 0.49326258 0.49333296 0.49328637 0.49323739 0.49309944 0.49296772 0.49296008 0.49290745 0.49284076 0.49277679 0.49263912 0.49259966 0.4927023 0.49257523 0.49243382 0.49235186 0.49247555 0.49249062 0.49265972 0.49247349 0.49243613 0.49270115 0.49252967 0.49259773 0.49232964 0.49244053 0.49247058 0.49249161 0.49237939 0.49230871 0.49235026 0.49247537 0.4925524 0.49259337 0.4926796 0.49275571 0.49284471 0.49285367 0.49290735 0.49281124 0.49292829 0.49300013 0.49301586 0.49303778 0.49294469 0.4926184 0.49257218 0.4930772 0.4933687 0.49338461 0.49345456 0.4935423 0.49360994
0.49335588 0.49336192 0.49326516 0.49322985 0.49331523 0.49330522 0.49327846 0.49324661 0.4931156 0.49300336 0.49282237 0.4927469 0.4927507 0.49269665 0.4926773 0.49267845 0.49260614 0.49261565 0.49258753 0.49243691 0.49250702 0.49250287 0.49259079 0.49242613 0.49245625 0.49260014 0.49247841 0.49231629 0.49231265 0.49241818 0.49251976 0.49252369 0.49237837 0.49217834 0.49220825 0.49238811 0.49252112 0.49259871 0.49267618 0.49271619 0.49273252 0.49278416 0.49291806 0.4928084 0.49277216 0.49275697 0.4928436 0.49287041 0.49293363 0.49257179 0.49286245 0.49311699 0.49335068 0.49352647 0.49353693 0.49357444 0.49362818
0.4933383 0.49329219 0.49321548 0.49326469 0.49323922 0.49338894 0.49344022 0.49331244 0.49314504 0.49300014 0.49275667 0.4926978 0.49273545 0.49256483 0.49254069 0.49264752 0.49261105 0.49257185 0.49250867 0.49253337 0.49250108 0.49247649 0.49242858 0.49222638 0.49241552 0.49242843 0.49248551 0.49235187 0.49235322 0.49235549 0.49242405 0.49225815 0.49237682 0.49220459 0.49229488 0.49249295 0.49257674 0.49257676 0.49262231 0.49269709 0.49270753 0.4927559 0.49286054 0.49277495 0.49266906 0.49265515 0.49253178 0.49281901 0.49293884 0.49280373 0.49317817 0.49345829 0.49362802 0.49361777 0.49359406 0.49360763 0.49364865
0.49331307 0.49315567 0.49311575 0.49319808 0.49315414 0.49330166 0.49337519 0.49330164 0.49310889 0.49282317 0.49278155 0.49266731 0.49269577 0.49259696 0.49254518 0.49257804 0.4924773 0.49232878 0.4923617 0.49251432 0.49241268 0.49253277 0.49241417 0.49233452 0.49241738 0.49242164 0.49241359 0.49242131 0.49237191 0.49226128 0.49235944 0.49214062 0.4921754 0.49222132 0.49229331 0.49252576 0.49259168 0.49261884 0.49264116 0.49260014 0.49259576 0.49257472 0.49256917 0.4924985 0.4924486 0.49239092 0.49217827 0.49248843 0.49295102 0.49323202 0.49353882 0.4937158 0.49391375 0.49370852 0.49363436 0.49363728 0.49366874
