landslides_training_model/shapes/shapes_mean/ada_boost_mean_suc.tif
NCOLS 441
NROWS 451
XLLCORNER -92.213079
YLLCORNER 13.747265
DX 0.0090151111
DY 0.0090031242
NODATA_VALUE -9999
[rows 275 to 299 of 451, columns 285 to 341 of 441]
0.49674049 0.49691459 0.49752181 0.4961879 0.49795754 0.49812154 0.4981149 0.4980477 0.49801578 0.49796414 0.49799777 0.49808836 0.49812173 0.49809747 0.49802143 0.49788111 0.49780213 0.49657259 0.49671084 0.49700798 0.49774952 0.49794882 0.49755414 0.4975504 0.49780234 0.49781801 0.49772578 0.49780537 0.49769553 0.49732667 0.49770392 0.49769121 0.49770159 0.4976086 0.49758556 0.49747619 0.49807921 0.4978176 0.49963139 0.49835163 0.49926201 0.495445 0.4984157 0.49794396 0.49862481 0.50000989 0.49952199 0.49830739 0.49880568 0.49930938 0.49944246 0.50003144 0.49988048 0.49992814 0.49996233 0.4998307 0.49973143
0.49773503 0.49692695 0.49781048 0.49660667 0.49816723 0.49829499 0.49831307 0.49830489 0.49828808 0.49826037 0.49824709 0.49829735 0.49833738 0.49831623 0.49823357 0.497862 0.49838971 0.49736405 0.49789079 0.49801973 0.49817408 0.49828296 0.49826096 0.4982047 0.49827594 0.4983373 0.49835981 0.49837344 0.49832925 0.49829496 0.49811028 0.49758514 0.49744321 0.49703137 0.4965568 0.49668453 0.49813044 0.49708297 0.49923265 0.49864778 0.4986795 0.49940337 0.49798529 0.49888415 0.50014315 0.50797969 0.49961938 0.49825339 0.49892476 0.49978942 0.49996354 0.50005611 0.50008943 0.50001478 0.49984461 0.49958386 0.49942169
0.49831291 0.49828096 0.49831719 0.49831425 0.49838165 0.49836884 0.49835598 0.49837679 0.49839038 0.49808994 0.49747007 0.49803622 0.49844835 0.49836119 0.49790676 0.49800911 0.49815893 0.49724267 0.49805564 0.49786217 0.49834547 0.49857365 0.49854676 0.49825199 0.49850679 0.49864643 0.49879063 0.4987838 0.49870721 0.49883176 0.49876644 0.49865228 0.49811095 0.49682906 0.49135252 0.49745921 0.49868838 0.49859529 0.49874417 0.49852408 0.49866021 0.49898173 0.49956046 0.4987862 0.49929241 0.49927555 0.49931446 0.49908724 0.49909442 0.49932446 0.49982189 0.50004495 0.49999476 0.49985701 0.499624 0.49940487 0.49870906
0.49852878 0.49855729 0.49860689 0.49857441 0.49841242 0.49791295 0.49755058 0.49763104 0.49817347 0.49755021 0.49880491 0.49815004 0.49924276 0.49877421 0.49861929 0.4980165 0.49777591 0.49834474 0.4988866 0.49837375 0.49860655 0.49904203 0.49921606 0.4989273 0.49879428 0.49876011 0.49889406 0.49893076 0.49892141 0.49893219 0.49868544 0.49861168 0.49851605 0.49855066 0.4984005 0.49837084 0.49887546 0.49898171 0.49956432 0.49893016 0.49936198 0.5008526 0.49957631 0.49935768 0.50013875 0.49986578 0.49902092 0.49850088 0.49945925 0.50031531 0.4994562 0.50002131 0.49997805 0.4995982 0.4992018 0.49874369 0.49841381
0.49849061 0.4985029 0.49880446 0.49878315 0.49838388 0.49822845 0.49872251 0.4987682 0.49805246 0.49818576 0.49984971 0.49875921 0.49949575 0.49885203 0.49930268 0.49875856 0.49846063 0.49793663 0.49880756 0.49877483 0.49902568 0.49946878 0.49928661 0.49920113 0.49908402 0.49914673 0.49916587 0.49900153 0.49883843 0.49886307 0.49892061 0.49884692 0.4985962 0.49902075 0.49868778 0.49834489 0.49876575 0.49928104 0.4993221 0.49934475 0.49973392 0.498534 0.4987647 0.49997189 0.49915697 0.49910651 0.49781307 0.49870235 0.49915096 0.49957101 0.49951996 0.49947828 0.49931017 0.49889311 0.49866038 0.49811011 0.49798736
0.49884241 0.49903172 0.49909733 0.49937444 0.49876257 0.49877646 0.49893573 0.49978316 0.49869563 0.49842307 0.49766407 0.49791175 0.49902202 0.49929614 0.49935307 0.49910413 0.49834235 0.49928624 0.49946617 0.499486 0.49946068 0.50004614 0.50006428 0.49953238 0.49929435 0.4991958 0.49905487 0.49875715 0.49879207 0.49906795 0.49908322 0.49903065 0.4991924 0.49941744 0.49926778 0.49901158 0.49887739 0.49827773 0.49802804 0.49907593 0.49738071 0.49948124 0.49907623 0.5004155 0.4991912 0.49911725 0.4988861 0.49995591 0.49983496 0.49939592 0.49916313 0.49946546 0.49865851 0.49860036 0.49795299 0.49784292 0.49844473
0.49889997 0.49941866 0.4994475 0.49885156 0.49945512 0.49955807 0.49955159 0.49996596 0.49900619 0.49852136 0.49830777 0.49823334 0.49894715 0.49983741 0.4989476 0.4993069 0.50025249 0.49969618 0.49967037 0.50038091 0.50082902 0.50046159 0.49985193 0.49957818 0.49955369 0.49949878 0.49936516 0.49922919 0.49932801 0.49947203 0.49947963 0.49947044 0.4996284 0.49997468 0.49928816 0.49989434 0.49918492 0.49959451 0.4991277 0.4990357 0.49886853 0.4993104 0.49877389 0.49991942 0.50027807 0.49886221 0.5004071 0.50011174 0.49902477 0.49944507 0.49957307 0.49917125 0.4986554 0.49824443 0.49771572 0.49775852 0.49838834
0.49913669 0.49952373 0.49958883 0.49945341 0.49928052 0.49948278 0.50010503 0.49999588 0.49971167 0.49975902 0.49877142 0.49610427 0.49829885 0.4967155 0.49792846 0.49827784 0.49909869 0.49897038 0.49915884 0.4998381 0.50047924 0.50060752 0.500346 0.49983893 0.49977987 0.49971412 0.49965703 0.49963171 0.49969778 0.49967111 0.4995182 0.49935621 0.49913988 0.49929664 0.49945052 0.49925826 0.49933602 0.49947028 0.49991679 0.49961371 0.49874715 0.49893001 0.49935208 0.49940112 0.50018275 0.49901969 0.49893773 0.4993101 0.49876497 0.49739064 0.49845751 0.49833534 0.49836202 0.49773267 0.49760679 0.49762039 0.49840265
0.49922599 0.49993712 0.50170286 0.4993402 0.49934615 0.49937003 0.49946124 0.49953769 0.49965915 0.50033202 0.49930188 0.49833128 0.49790563 0.49858974 0.49911526 0.49869187 0.49884754 0.49922506 0.49934034 0.49971835 0.49977034 0.50058179 0.50058944 0.50027587 0.49990214 0.49982818 0.50015343 0.50026423 0.50001967 0.49974116 0.49953672 0.49934369 0.4992217 0.49910464 0.49914938 0.49918728 0.49921107 0.49937094 0.49991497 0.49922558 0.4993971 0.49853514 0.49898792 0.49714192 0.49937194 0.49913246 0.49891043 0.49712897 0.49672933 0.49696164 0.498336 0.49835702 0.4975816 0.49765785 0.49762609 0.49811291 0.49876209
0.49907346 0.49940905 0.49931178 0.49884327 0.49870527 0.49863912 0.49902812 0.49919811 0.49954002 0.49956196 0.50032681 0.49922314 0.49856905 0.49993898 0.49939229 0.49925011 0.49923549 0.49900208 0.49912917 0.49967408 0.50002605 0.50079502 0.50067832 0.50045794 0.50010879 0.50019976 0.50045527 0.50025642 0.50018978 0.49999178 0.49962504 0.4994278 0.49928918 0.49901031 0.49921437 0.499579 0.49975112 0.50006243 0.4991096 0.49847907 0.49807851 0.49836174 0.49932964 0.49965049 0.49897603 0.49757221 0.49741642 0.49837305 0.49748218 0.4971049 0.49736436 0.49615605 0.49686037 0.49835545 0.49855407 0.49885447 0.49896912
0.49940004 0.49931146 0.49918595 0.49884055 0.4974163 0.49402682 0.49955738 0.49986055 0.50026976 0.49960677 0.49958566 0.49882279 0.49856665 0.49943962 0.49901316 0.49926965 0.49858701 0.49944731 0.49935298 0.49955725 0.4983597 0.49946546 0.50027116 0.50048402 0.50047987 0.50057132 0.5004729 0.50047776 0.50046315 0.50016948 0.49966464 0.49938349 0.49924249 0.49894897 0.49892999 0.49914719 0.49968218 0.49985424 0.49899796 0.49793637 0.4897237 0.49896712 0.49788198 0.49793957 0.4976134 0.49844516 0.49702794 0.49727709 0.49684562 0.4967657 0.49854369 0.49849077 0.49825638 0.49896032 0.4991789 0.49910783 0.49913489
0.49942596 0.49951347 0.49946329 0.49936936 0.49900577 0.49905549 0.4996615 0.5006485 0.50066764 0.50094247 0.49974052 0.50006425 0.49974343 0.49975357 0.500908 0.49818965 0.4990961 0.49993367 0.50022899 0.4995966 0.49984015 0.49979807 0.500983 0.50120367 0.50051716 0.50067208 0.50045211 0.50050462 0.50223613 0.50141525 0.49994969 0.49941424 0.49908593 0.49904494 0.49861577 0.49860496 0.49924919 0.49922017 0.49919905 0.49840972 0.49814849 0.4982818 0.49727453 0.49802681 0.49858144 0.49689139 0.49607555 0.49641636 0.49945618 0.49887629 0.49958443 0.49902855 0.49910569 0.49917003 0.49897265 0.4991206 0.49928745
0.49968382 0.49983611 0.49984926 0.4996471 0.49960844 0.50000706 0.50003312 0.50018336 0.50049154 0.5011366 0.5000308 0.50025788 0.49953106 0.50005126 0.50023382 0.49967186 0.49980793 0.49986083 0.50090311 0.50031816 0.49962112 0.500016 0.50059827 0.50082185 0.5009604 0.50092863 0.50075632 0.50126889 0.50095521 0.5005725 0.50026686 0.49980615 0.49922644 0.49889607 0.49776495 0.4954961 0.49915318 0.4998281 0.49945194 0.49920198 0.49901284 0.49887346 0.49870881 0.4983143 0.49777086 0.49798588 0.50025045 0.49902285 0.49918058 0.49928783 0.49960584 0.49935266 0.49951959 0.49950602 0.49936999 0.4990506 0.4997658
0.4998561 0.50004389 0.50000051 0.499861 0.49988782 0.50019717 0.50003485 0.50011293 0.50070207 0.50069151 0.50012872 0.4997435 0.5010617 0.50842328 0.50153842 0.49862801 0.50113714 0.50015321 0.50004754 0.50090459 0.50063467 0.50028127 0.50119174 0.500517 0.50118985 0.50104839 0.50097634 0.5008787 0.50079062 0.50038501 0.50000275 0.4996721 0.49934599 0.49900281 0.49857675 0.49862337 0.4990601 0.49960974 0.49945956 0.49906876 0.49899824 0.49908723 0.49936183 0.4991175 0.49944008 0.49920129 0.50017405 0.49940705 0.50040435 0.50018191 0.50075206 0.50016074 0.49951899 0.49946284 0.49953198 0.49981811 0.4995587
0.49989347 0.5004562 0.50038488 0.50021518 0.5002768 0.50071136 0.50043974 0.50034485 0.50111973 0.50075833 0.50052607 0.49950806 0.50105795 0.49995514 0.50045906 0.50232584 0.50101746 0.50010296 0.50014433 0.50100028 0.50105485 0.50093308 0.50131394 0.50057214 0.50092087 0.50110637 0.50081083 0.5006042 0.50059023 0.50042375 0.50013676 0.5000006 0.4997828 0.49933828 0.49910402 0.49915748 0.49888634 0.49903376 0.49920999 0.49881839 0.49845518 0.49870778 0.49976573 0.49936433 0.49940626 0.49945541 0.49984789 0.50010385 0.49986542 0.50072003 0.50011473 0.49966762 0.50014229 0.49975909 0.50007403 0.500625 0.50019728
0.50045266 0.50086468 0.50056575 0.50033354 0.50046542 0.50074307 0.50050891 0.50050534 0.50102494 0.50086473 0.50102173 0.50081053 0.50122248 0.5004281 0.50157331 0.50162344 0.50180098 0.49926674 0.50027713 0.50027043 0.50113115 0.50042483 0.5010446 0.50114603 0.50094997 0.50101876 0.50056247 0.50052883 0.50053715 0.50016364 0.49984115 0.49989774 0.49980369 0.49943984 0.4992529 0.49898659 0.49864777 0.49892671 0.49871457 0.49837975 0.49966548 0.49993709 0.49963678 0.49963925 0.50009793 0.49982174 0.50090927 0.49963052 0.50023306 0.49970058 0.49965215 0.50033235 0.50014274 0.50004909 0.50009108 0.50018599 0.50012129
0.50188844 0.50197278 0.50060864 0.50051138 0.50039579 0.50082663 0.50073226 0.50095794 0.50101367 0.50050455 0.5007697 0.5012907 0.50051932 0.50111256 0.50052569 0.50185764 0.5016727 0.50125079 0.501693 0.50174334 0.50130601 0.50075411 0.50074187 0.50093872 0.50103719 0.50083811 0.50093687 0.50038896 0.50007926 0.4998082 0.49991917 0.50008009 0.49987603 0.49948432 0.49922031 0.49903841 0.49882457 0.49867112 0.49885046 0.49941918 0.49972504 0.49984895 0.50057565 0.50032219 0.5001119 0.49968701 0.50022407 0.49961088 0.49963739 0.5007817 0.4996669 0.5000551 0.50000487 0.49948029 0.49927666 0.49953981 0.49947264
0.50041941 0.50058123 0.50079908 0.50069297 0.50062284 0.50093288 0.50089884 0.50105291 0.5012223 0.50063443 0.50097005 0.50141024 0.50101117 0.5014035 0.50121071 0.50065475 0.500577 0.50246254 0.50123954 0.50103618 0.50104665 0.50062887 0.49947762 0.50090977 0.50074578 0.50042747 0.50026568 0.50026439 0.49988681 0.49966104 0.49983218 0.49998236 0.49975756 0.4995072 0.49933423 0.49900447 0.498967 0.49943791 0.49963587 0.49976987 0.5006094 0.50110494 0.5010113 0.50024945 0.50029056 0.4998503 0.49963845 0.49960188 0.49960534 0.49963829 0.49970676 0.49965812 0.49926097 0.5004606 0.50032245 0.49984901 0.50014392
0.50050687 0.50054276 0.50062253 0.5007106 0.5008497 0.50091407 0.50114182 0.50125907 0.50127393 0.50112246 0.5010868 0.50132347 0.50092992 0.50135585 0.50059764 0.50135504 0.50197642 0.50054878 0.5011132 0.50027286 0.50052054 0.50013613 0.4997226 0.50007184 0.49993108 0.49958984 0.50065858 0.50040625 0.50011232 0.49978136 0.49969056 0.4997072 0.49967233 0.49955785 0.49974453 0.50007045 0.49990539 0.49976511 0.49963868 0.49972763 0.5003876 0.49997341 0.50026053 0.49980568 0.49973234 0.49968125 0.49965359 0.49964337 0.49963796 0.49963442 0.49999057 0.49931131 0.49903887 0.49980854 0.50012625 0.50034575 0.50046628
0.50076903 0.50091098 0.50093203 0.50085542 0.50085118 0.50118441 0.50130433 0.50130884 0.50103702 0.50119852 0.50063937 0.50096008 0.50130054 0.50167311 0.50158465 0.50086569 0.50114806 0.50114292 0.50049918 0.50032666 0.50014656 0.50140194 0.50010363 0.49999051 0.49906071 0.49960309 0.49983291 0.49983699 0.49980159 0.49976715 0.49968695 0.49973288 0.49963358 0.49973546 0.4999225 0.49994349 0.49992108 0.49979715 0.49977256 0.49984178 0.50011016 0.49982643 0.49980308 0.49975911 0.49973095 0.49972054 0.49972889 0.49974934 0.4997408 0.49970095 0.49931555 0.49891023 0.49953923 0.50007522 0.50012688 0.50050747 0.50018968
0.50073191 0.50084701 0.5008472 0.50087328 0.50098969 0.50115061 0.50135372 0.50134617 0.50106221 0.50067247 0.50091105 0.50109186 0.50062866 0.50119567 0.50182137 0.50138197 0.50075868 0.50030628 0.49996225 0.5005902 0.50045572 0.49974221 0.50070071 0.49918363 0.49964657 0.49948867 0.49937223 0.49964651 0.49975446 0.49970093 0.49981828 0.49992431 0.5000096 0.49996776 0.49998436 0.49999877 0.49995618 0.50004423 0.49988071 0.49985435 0.49982864 0.49981579 0.49980498 0.49979427 0.49979012 0.49980812 0.49986355 0.50003512 0.49997401 0.50027785 0.49910893 0.49950124 0.49899997 0.50049936 0.50043058 0.50006522 0.50022651
0.50062422 0.50075718 0.50088273 0.50081938 0.50085491 0.50102474 0.5009758 0.50093338 0.50059866 0.5010138 0.50096619 0.50042237 0.50019321 0.50082221 0.50021812 0.5011543 0.50001777 0.49976644 0.49936949 0.49959055 0.49980244 0.49969984 0.50004536 0.49988926 0.49924921 0.49962624 0.49962465 0.49983274 0.49990599 0.4999882 0.49989464 0.49987535 0.49990871 0.49990501 0.49988581 0.49991847 0.4999266 0.49987451 0.49985726 0.49985542 0.49987707 0.49989904 0.49988439 0.49988157 0.49988469 0.4999145 0.50019299 0.50029147 0.5001229 0.50002647 0.49941095 0.49968766 0.49991161 0.50059441 0.50075038 0.50054363 0.50029906
0.50063167 0.50067092 0.5006048 0.50041976 0.50052554 0.50095295 0.50084968 0.50080312 0.50085981 0.50062415 0.50038631 0.49998144 0.49996729 0.5000941 0.49949299 0.50004135 0.4998465 0.49959127 0.4991273 0.49922225 0.49912159 0.49969359 0.4998387 0.49934384 0.49907604 0.49916389 0.50024809 0.50003615 0.5002308 0.49992294 0.49989973 0.49991793 0.50007203 0.50001198 0.49991215 0.49990453 0.49991175 0.49992004 0.49991729 0.49991888 0.49997206 0.50010679 0.49998772 0.50004208 0.50002501 0.50001012 0.4998422 0.5003778 0.50153128 0.50166434 0.49975343 0.49919145 0.50042964 0.50076857 0.50051705 0.50075828 0.50063972
0.50073694 0.50070332 0.50056122 0.50055235 0.50063282 0.50068623 0.50061391 0.50027809 0.50072194 0.50016377 0.50000683 0.49962222 0.49882602 0.49978884 0.49940334 0.49887905 0.49996224 0.49932453 0.49940519 0.49972411 0.49993952 0.49869989 0.499484 0.49921401 0.5004026 0.50038407 0.50016818 0.49997857 0.50041621 0.50011111 0.49999735 0.49997798 0.49998653 0.49998155 0.49996359 0.49994594 0.49995889 0.50000224 0.50000184 0.49997459 0.49997384 0.50009767 0.50022008 0.50041778 0.50020745 0.50048176 0.49998779 0.50089866 0.5002975 0.50150436 0.50070565 0.49987988 0.50072706 0.50066653 0.50170414 0.50172698 0.50013846
0.50053436 0.50061648 0.50056229 0.50054277 0.50068758 0.50087917 0.50078974 0.50036852 0.50022744 0.49993868 0.49987543 0.49978344 0.49933917 0.49970222 0.49921843 0.49898232 0.49907204 0.49944907 0.4995018 0.49838955 0.49975225 0.50045166 0.5000695 0.50042447 0.49998342 0.49999588 0.50001999 0.50005068 0.50010231 0.50019243 0.50011871 0.5000769 0.50007268 0.50006181 0.50001396 0.50009794 0.50010359 0.50006396 0.50019191 0.50024814 0.50019993 0.50020788 0.50051518 0.50083766 0.50060681 0.50022774 0.50022254 0.50037987 0.50048808 0.50073439 0.49990859 0.49905509 0.49926137 0.49975134 0.50082612 0.5013156 0.50067608
