landslides_training_model/shapes/shapes_mean/ada_boost_mean_suc.tif
NCOLS 441
NROWS 451
XLLCORNER -92.213079
YLLCORNER 13.747265
DX 0.0090151111
DY 0.0090031242
NODATA_VALUE -9999
[rows 150 to 174 of 451, columns 57 to 113 of 441]
0.49789817 0.49789021 0.49788196 0.49787343 0.49786462 0.49785551 0.49784612 0.49783643 0.49782645 0.49781617 0.49780559 0.49779472 0.49778354 0.49777207 0.4977603 0.49774823 0.49773586 0.4977232 0.49771024 0.497697 0.49768346 0.49766964 0.49765554 0.49764115 0.49762649 0.49761156 0.49759636 0.4975809 0.49756517 0.49754919 0.49753296 0.49751649 0.49749977 0.49748282 0.49746564 0.49744824 0.49743062 0.49741278 0.49739475 0.49737651 0.49735808 0.49733946 0.49732066 0.49730168 0.49728254 0.49726323 0.49724377 0.49722416 0.49720441 0.49718451 0.49716449 0.49714435 0.49712408 0.4971037 0.49708322 0.49706263 0.49704195
0.49793143 0.49792374 0.49791577 0.49790751 0.49789896 0.49789012 0.49788098 0.49787154 0.4978618 0.49785176 0.49784141 0.49783076 0.49781981 0.49780855 0.49779698 0.49778511 0.49777294 0.49776047 0.4977477 0.49773464 0.49772128 0.49770763 0.49769369 0.49767946 0.49766496 0.49765018 0.49763512 0.4976198 0.49760421 0.49758837 0.49757227 0.49755592 0.49753933 0.4975225 0.49750544 0.49748815 0.49747065 0.49745292 0.49743499 0.49741686 0.49739854 0.49738002 0.49736132 0.49734245 0.4973234 0.4973042 0.49728483 0.49726532 0.49724567 0.49722587 0.49720595 0.4971859 0.49716573 0.49714545 0.49712507 0.49710458 0.497084
0.49796486 0.49795746 0.49794976 0.49794178 0.49793349 0.49792491 0.49791603 0.49790684 0.49789734 0.49788753 0.49787742 0.49786699 0.49785625 0.4978452 0.49783384 0.49782217 0.49781019 0.49779791 0.49778532 0.49777243 0.49775923 0.49774575 0.49773196 0.49771789 0.49770353 0.4976889 0.49767398 0.49765879 0.49764333 0.49762761 0.49761163 0.4975954 0.49757893 0.49756221 0.49754526 0.49752807 0.49751067 0.49749305 0.49747522 0.49745718 0.49743895 0.49742052 0.49740192 0.49738313 0.49736418 0.49734506 0.49732578 0.49730635 0.49728679 0.49726708 0.49724724 0.49722728 0.4972072 0.49718701 0.49716671 0.49714632 0.49712583
0.49799848 0.49799136 0.49798395 0.49797624 0.49796822 0.4979599 0.49795127 0.49794233 0.49793307 0.4979235 0.49791361 0.4979034 0.49789288 0.49788204 0.49787088 0.4978594 0.49784761 0.4978355 0.49782309 0.49781036 0.49779733 0.497784 0.49777037 0.49775644 0.49774222 0.49772772 0.49771293 0.49769787 0.49768253 0.49766692 0.49765106 0.49763494 0.49761856 0.49760194 0.49758509 0.497568 0.49755069 0.49753315 0.49751541 0.49749746 0.49747931 0.49746096 0.49744243 0.49742373 0.49740485 0.49738581 0.4973666 0.49734725 0.49732776 0.49730813 0.49728836 0.49726848 0.49724848 0.49722836 0.49720814 0.49718782 0.49716741
0.49803229 0.49802546 0.49801833 0.4980109 0.49800315 0.49799509 0.49798672 0.49797802 0.49796901 0.49795967 0.49795 0.49794002 0.4979297 0.49791906 0.4979081 0.49789681 0.4978852 0.49787327 0.49786102 0.49784846 0.49783558 0.4978224 0.49780891 0.49779512 0.49778103 0.49776665 0.49775198 0.49773703 0.49772181 0.49770631 0.49769054 0.49767452 0.49765824 0.49764171 0.49762494 0.49760793 0.4975907 0.49757324 0.49755557 0.49753769 0.49751961 0.49750134 0.49748287 0.49746423 0.49744542 0.49742644 0.4974073 0.49738801 0.49736858 0.49734901 0.49732931 0.49730949 0.49728955 0.4972695 0.49724935 0.4972291 0.49720876
0.49806631 0.49805977 0.49805292 0.49804577 0.49803829 0.4980305 0.49802238 0.49801393 0.49800515 0.49799605 0.49798661 0.49797683 0.49796673 0.49795629 0.49794551 0.49793441 0.49792297 0.49791121 0.49789913 0.49788672 0.49787399 0.49786094 0.49784759 0.49783393 0.49781996 0.4978057 0.49779114 0.4977763 0.49776117 0.49774576 0.49773009 0.49771415 0.49769795 0.4976815 0.4976648 0.49764787 0.4976307 0.49761331 0.4975957 0.49757788 0.49755986 0.49754164 0.49752323 0.49750464 0.49748588 0.49746695 0.49744786 0.49742862 0.49740924 0.49738972 0.49737007 0.4973503 0.49733042 0.49731042 0.49729033 0.49727013 0.49724985
0.49810053 0.49809429 0.49808773 0.49808085 0.49807365 0.49806612 0.49805826 0.49805006 0.49804152 0.49803265 0.49802343 0.49801387 0.49800396 0.49799372 0.49798313 0.49797221 0.49796094 0.49794934 0.49793741 0.49792515 0.49791256 0.49789965 0.49788642 0.49787287 0.49785902 0.49784486 0.49783041 0.49781566 0.49780062 0.4977853 0.4977697 0.49775384 0.49773771 0.49772132 0.49770469 0.49768781 0.4976707 0.49765336 0.4976358 0.49761803 0.49760005 0.49758187 0.4975635 0.49754495 0.49752623 0.49750733 0.49748828 0.49746908 0.49744974 0.49743025 0.49741064 0.49739091 0.49737107 0.49735111 0.49733106 0.49731091 0.49729068
0.49813497 0.49812903 0.49812277 0.49811617 0.49810925 0.49810198 0.49809438 0.49808643 0.49807813 0.49806948 0.49806048 0.49805113 0.49804142 0.49803137 0.49802096 0.49801021 0.49799911 0.49798767 0.49797588 0.49796376 0.4979513 0.49793851 0.4979254 0.49791197 0.49789821 0.49788415 0.49786979 0.49785512 0.49784016 0.49782491 0.49780938 0.49779358 0.49777751 0.49776118 0.49774459 0.49772776 0.49771069 0.49769339 0.49767586 0.49765812 0.49764017 0.49762202 0.49760368 0.49758515 0.49756645 0.49754759 0.49752856 0.49750938 0.49749006 0.4974706 0.49745101 0.4974313 0.49741149 0.49739156 0.49737154 0.49735142 0.49733122
0.49816964 0.49816401 0.49815804 0.49815173 0.49814509 0.49813809 0.49813074 0.49812304 0.49811498 0.49810655 0.49809777 0.49808863 0.49807912 0.49806925 0.49805902 0.49804844 0.49803749 0.4980262 0.49801455 0.49800256 0.49799023 0.49797755 0.49796455 0.49795121 0.49793755 0.49792357 0.49790929 0.49789469 0.4978798 0.49786461 0.49784913 0.49783338 0.49781735 0.49780106 0.49778451 0.49776771 0.49775067 0.49773339 0.49771589 0.49769816 0.49768023 0.49766209 0.49764376 0.49762525 0.49760656 0.4975877 0.49756868 0.4975495 0.49753019 0.49751074 0.49749116 0.49747147 0.49745166 0.49743175 0.49741175 0.49739165 0.49737148
0.49820456 0.49819923 0.49819357 0.49818755 0.49818118 0.49817446 0.49816737 0.49815991 0.49815208 0.49814389 0.49813532 0.49812638 0.49811706 0.49810738 0.49809732 0.49808689 0.4980761 0.49806495 0.49805343 0.49804156 0.49802934 0.49801677 0.49800386 0.49799061 0.49797704 0.49796313 0.49794891 0.49793438 0.49791953 0.49790439 0.49788896 0.49787324 0.49785725 0.49784098 0.49782445 0.49780767 0.49779064 0.49777337 0.49775587 0.49773815 0.49772022 0.49770208 0.49768375 0.49766523 0.49764653 0.49762766 0.49760863 0.49758945 0.49757013 0.49755068 0.49753109 0.4975114 0.49749159 0.49747168 0.49745168 0.49743159 0.49741143
0.49823973 0.49823472 0.49822936 0.49822364 0.49821755 0.4982111 0.49820427 0.49819706 0.49818947 0.4981815 0.49817314 0.4981644 0.49815527 0.49814576 0.49813587 0.4981256 0.49811495 0.49810392 0.49809253 0.49808078 0.49806866 0.49805618 0.49804336 0.49803019 0.49801668 0.49800284 0.49798867 0.49797418 0.49795938 0.49794427 0.49792887 0.49791317 0.49789719 0.49788094 0.49786441 0.49784763 0.4978306 0.49781332 0.49779581 0.49777808 0.49776013 0.49774198 0.49772362 0.49770508 0.49768636 0.49766747 0.49764842 0.49762921 0.49760987 0.49759039 0.49757079 0.49755107 0.49753125 0.49751133 0.49749132 0.49747122 0.49745105
0.49827517 0.49827048 0.49826543 0.49826001 0.49825421 0.49824803 0.49824146 0.4982345 0.49822714 0.49821939 0.49821124 0.4982027 0.49819375 0.49818442 0.49817468 0.49816456 0.49815404 0.49814314 0.49813187 0.49812021 0.49810819 0.49809579 0.49808304 0.49806994 0.49805649 0.49804269 0.49802856 0.49801411 0.49799933 0.49798425 0.49796886 0.49795317 0.49793719 0.49792093 0.4979044 0.4978876 0.49787055 0.49785325 0.49783572 0.49781795 0.49779997 0.49778178 0.49776339 0.4977448 0.49772604 0.49770711 0.49768802 0.49766877 0.49764939 0.49762987 0.49761023 0.49759048 0.49757062 0.49755067 0.49753064 0.49751052 0.49749034
0.4983109 0.49830654 0.49830181 0.49829669 0.49829118 0.49828527 0.49827897 0.49827225 0.49826513 0.4982576 0.49824966 0.4982413 0.49823254 0.49822336 0.49821378 0.49820379 0.49819341 0.49818262 0.49817145 0.49815988 0.49814794 0.49813562 0.49812293 0.49810988 0.49809647 0.49808271 0.49806861 0.49805417 0.49803941 0.49802433 0.49800893 0.49799323 0.49797724 0.49796096 0.4979444 0.49792757 0.49791049 0.49789315 0.49787557 0.49785776 0.49783972 0.49782148 0.49780303 0.49778439 0.49776557 0.49774658 0.49772743 0.49770812 0.49768868 0.4976691 0.49764941 0.49762961 0.4976097 0.49758971 0.49756963 0.49754948 0.49752926
0.49834693 0.49834291 0.4983385 0.49833369 0.49832848 0.49832285 0.49831681 0.49831034 0.49830345 0.49829614 0.4982884 0.49828023 0.49827163 0.49826262 0.49825318 0.49824332 0.49823305 0.49822237 0.49821129 0.49819981 0.49818793 0.49817567 0.49816303 0.49815001 0.49813664 0.4981229 0.49810881 0.49809438 0.49807961 0.49806451 0.4980491 0.49803338 0.49801735 0.49800103 0.49798443 0.49796755 0.49795041 0.49793302 0.49791537 0.4978975 0.49787939 0.49786107 0.49784255 0.49782383 0.49780494 0.49778586 0.49776663 0.49774725 0.49772773 0.49770808 0.49768831 0.49766843 0.49764846 0.4976284 0.49760827 0.49758806 0.49756779
0.49838329 0.49837962 0.49837554 0.49837104 0.49836613 0.49836078 0.498355 0.49834879 0.49834213 0.49833503 0.49832748 0.4983195 0.49831107 0.4983022 0.4982929 0.49828316 0.498273 0.49826241 0.49825141 0.49823999 0.49822818 0.49821596 0.49820335 0.49819036 0.498177 0.49816326 0.49814917 0.49813473 0.49811994 0.49810482 0.49808937 0.4980736 0.49805752 0.49804115 0.49802448 0.49800754 0.49799033 0.49797285 0.49795513 0.49793716 0.49791897 0.49790056 0.49788194 0.49786312 0.49784412 0.49782495 0.49780562 0.49778614 0.49776652 0.49774677 0.49772691 0.49770694 0.49768688 0.49766674 0.49764653 0.49762625 0.49760592
0.49842 0.49841668 0.49841294 0.49840877 0.49840416 0.4983991 0.49839358 0.49838762 0.49838119 0.4983743 0.49836695 0.49835914 0.49835087 0.49834214 0.49833296 0.49832333 0.49831327 0.49830276 0.49829183 0.49828047 0.49826869 0.4982565 0.49824392 0.49823094 0.49821757 0.49820382 0.49818971 0.49817523 0.49816041 0.49814524 0.49812973 0.49811391 0.49809776 0.49808131 0.49806457 0.49804753 0.49803022 0.49801265 0.49799482 0.49797675 0.49795844 0.49793992 0.49792118 0.49790225 0.49788312 0.49786383 0.49784437 0.49782477 0.49780503 0.49778516 0.49776518 0.49774511 0.49772494 0.4977047 0.49768439 0.49766402 0.49764361
0.49845709 0.49845413 0.49845074 0.49844689 0.49844259 0.49843782 0.49843258 0.49842686 0.49842066 0.49841397 0.49840681 0.49839917 0.49839105 0.49838245 0.49837339 0.49836386 0.49835388 0.49834344 0.49833256 0.49832124 0.49830949 0.49829732 0.49828473 0.49827174 0.49825836 0.49824458 0.49823043 0.49821591 0.49820102 0.49818579 0.49817021 0.4981543 0.49813807 0.49812152 0.49810467 0.49808753 0.49807011 0.49805241 0.49803446 0.49801626 0.49799782 0.49797915 0.49796027 0.49794119 0.49792193 0.49790248 0.49788288 0.49786313 0.49784324 0.49782323 0.49780312 0.49778291 0.49776261 0.49774224 0.49772182 0.49770135 0.49768083
0.49849458 0.498492 0.49848896 0.49848546 0.49848147 0.49847699 0.49847202 0.49846654 0.49846057 0.49845409 0.49844711 0.49843963 0.49843165 0.49842318 0.49841422 0.49840477 0.49839486 0.49838447 0.49837363 0.49836233 0.49835059 0.49833842 0.49832582 0.4983128 0.49829938 0.49828556 0.49827135 0.49825676 0.49824179 0.49822647 0.4982108 0.49819479 0.49817844 0.49816178 0.49814481 0.49812753 0.49810997 0.49809213 0.49807403 0.49805567 0.49803707 0.49801824 0.4979992 0.49797995 0.49796051 0.4979409 0.49792112 0.4979012 0.49788114 0.49786096 0.49784068 0.49782031 0.49779986 0.49777935 0.49775879 0.49773818 0.49771755
0.4985325 0.49853032 0.49852765 0.49852449 0.49852082 0.49851664 0.49851194 0.49850671 0.49850096 0.49849468 0.49848787 0.49848054 0.4984727 0.49846433 0.49845546 0.49844609 0.49843623 0.49842588 0.49841506 0.49840377 0.49839202 0.49837983 0.49836719 0.49835413 0.49834065 0.49832676 0.49831247 0.49829779 0.49828273 0.4982673 0.49825151 0.49823537 0.4982189 0.49820209 0.49818497 0.49816754 0.49814982 0.49813181 0.49811353 0.49809499 0.49807621 0.49805719 0.49803795 0.49801851 0.49799887 0.49797905 0.49795908 0.49793895 0.4979187 0.49789832 0.49787785 0.49785729 0.49783667 0.49781598 0.49779525 0.4977745 0.49775372
0.4985709 0.49856912 0.49856684 0.49856403 0.49856069 0.49855681 0.49855238 0.4985474 0.49854187 0.49853578 0.49852914 0.49852196 0.49851423 0.49850596 0.49849717 0.49848785 0.49847803 0.4984677 0.49845688 0.49844557 0.4984338 0.49842156 0.49840887 0.49839574 0.49838218 0.4983682 0.49835381 0.49833902 0.49832384 0.49830827 0.49829235 0.49827606 0.49825942 0.49824245 0.49822516 0.49820755 0.49818964 0.49817144 0.49815296 0.49813421 0.49811521 0.49809597 0.49807651 0.49805684 0.49803698 0.49801693 0.49799672 0.49797637 0.49795588 0.49793528 0.49791459 0.49789382 0.49787298 0.4978521 0.49783118 0.49781025 0.49778931
0.49860982 0.49860847 0.49860657 0.49860413 0.49860113 0.49859755 0.4985934 0.49858866 0.49858335 0.49857745 0.49857097 0.49856391 0.49855629 0.4985481 0.49853936 0.49853009 0.49852028 0.49850995 0.49849911 0.49848777 0.49847594 0.49846364 0.49845087 0.49843765 0.49842399 0.4984099 0.49839538 0.49838045 0.49836512 0.49834941 0.49833331 0.49831685 0.49830003 0.49828287 0.49826537 0.49824756 0.49822943 0.498211 0.49819229 0.49817331 0.49815407 0.49813459 0.49811487 0.49809494 0.49807481 0.4980545 0.49803403 0.49801341 0.49799266 0.49797181 0.49795086 0.49792984 0.49790877 0.49788765 0.49786652 0.49784538 0.49782425
0.49864931 0.49864839 0.49864691 0.49864485 0.49864219 0.49863892 0.49863504 0.49863055 0.49862544 0.49861972 0.49861339 0.49860645 0.49859891 0.49859079 0.49858209 0.49857283 0.49856302 0.49855266 0.49854178 0.49853038 0.49851848 0.49850609 0.49849322 0.49847989 0.4984661 0.49845186 0.49843719 0.4984221 0.4984066 0.4983907 0.49837442 0.49835775 0.49834072 0.49832334 0.49830562 0.49828756 0.49826919 0.49825051 0.49823154 0.49821229 0.49819277 0.498173 0.498153 0.49813278 0.49811236 0.49809175 0.49807097 0.49805005 0.49802901 0.49800786 0.49798662 0.49796532 0.49794397 0.4979226 0.49790122 0.49787984 0.4978585
0.49868941 0.49868896 0.49868791 0.49868623 0.49868393 0.49868098 0.49867738 0.49867312 0.49866822 0.49866266 0.49865646 0.49864962 0.49864216 0.49863408 0.4986254 0.49861613 0.49860628 0.49859588 0.49858493 0.49857344 0.49856144 0.49854894 0.49853594 0.49852246 0.49850851 0.49849411 0.49847926 0.49846398 0.49844828 0.49843217 0.49841566 0.49839877 0.4983815 0.49836386 0.49834588 0.49832756 0.49830891 0.49828994 0.49827068 0.49825112 0.4982313 0.49821122 0.49819089 0.49817034 0.49814958 0.49812863 0.49810752 0.49808626 0.49806487 0.49804339 0.49802182 0.4980002 0.49797854 0.49795687 0.49793521 0.49791357 0.49789197
0.49873021 0.49873024 0.49872963 0.49872836 0.49872642 0.49872379 0.49872047 0.49871645 0.49871174 0.49870634 0.49870025 0.49869349 0.49868608 0.49867801 0.49866932 0.49866002 0.49865011 0.49863963 0.49862858 0.49861699 0.49860485 0.4985922 0.49857905 0.49856539 0.49855126 0.49853666 0.4985216 0.4985061 0.49849017 0.49847382 0.49845706 0.4984399 0.49842235 0.49840444 0.49838616 0.49836753 0.49834857 0.49832929 0.4983097 0.49828981 0.49826963 0.4982492 0.49822851 0.49820759 0.49818645 0.49816512 0.49814363 0.49812198 0.49810021 0.49807834 0.49805641 0.49803442 0.49801241 0.4979904 0.49796842 0.49794648 0.4979246
0.49877176 0.49877231 0.49877217 0.49877132 0.49876975 0.49876745 0.4987644 0.49876062 0.49875609 0.49875082 0.49874483 0.49873813 0.49873074 0.49872266 0.49871393 0.49870456 0.49869456 0.49868397 0.49867279 0.49866104 0.49864875 0.49863592 0.49862257 0.49860871 0.49859436 0.49857953 0.49856423 0.49854848 0.49853228 0.49851565 0.4984986 0.49848114 0.49846329 0.49844505 0.49842645 0.49840749 0.49838818 0.49836854 0.49834858 0.49832831 0.49830775 0.49828692 0.49826582 0.49824449 0.49822293 0.49820118 0.49817925 0.49815717 0.49813497 0.49811267 0.49809031 0.49806791 0.4980455 0.49802311 0.49800076 0.49797849 0.49795629
