landslides_training_model/shapes/shapes_mean/decision_tree_mean_suc.tif
NCOLS 441
NROWS 451
XLLCORNER -92.213079
YLLCORNER 13.747265
DX 0.0090151111
DY 0.0090031242
NODATA_VALUE -9999
[rows 425 to 449 of 451, columns 342 to 398 of 441]
0.47878131 0.47824752 0.47771167 0.47717397 0.4766346 0.47609375 0.4755516 0.47500833 0.47446411 0.47391911 0.47337348 0.47282738 0.47228096 0.47173438 0.47118776 0.47064124 0.47009495 0.46954903 0.46900359 0.46845875 0.46791463 0.46737133 0.46682895 0.4662876 0.46574738 0.46520838 0.46467068 0.46413438 0.46359955 0.46306629 0.46253465 0.46200472 0.46147656 0.46095024 0.46042583 0.45990339 0.45938297 0.45886463 0.45834843 0.45783441 0.45732262 0.45681312 0.45630594 0.45580113 0.45529873 0.45479877 0.45430129 0.45380632 0.45331391 0.45282407 0.45233684 0.45185224 0.4513703 0.45089105 0.4504145 0.44994068 0.44946961
0.47855175 0.47802658 0.47749927 0.47697001 0.47643899 0.4759064 0.47537242 0.47483722 0.47430097 0.47376384 0.47322599 0.47268757 0.47214872 0.47160961 0.47107036 0.47053111 0.46999199 0.46945313 0.46891464 0.46837666 0.46783928 0.46730262 0.46676679 0.46623188 0.46569799 0.46516522 0.46463366 0.46410339 0.46357449 0.46304705 0.46252114 0.46199684 0.46147421 0.46095333 0.46043426 0.45991706 0.45940178 0.4588885 0.45837726 0.45786811 0.4573611 0.45685629 0.45635371 0.45585341 0.45535543 0.45485981 0.45436658 0.45387579 0.45338746 0.45290163 0.45241832 0.45193756 0.45145939 0.45098382 0.45051089 0.4500406 0.44957299
0.47832203 0.47780534 0.47728642 0.47676546 0.47624265 0.47571819 0.47519224 0.47466498 0.47413657 0.4736072 0.473077 0.47254613 0.47201475 0.471483 0.47095101 0.47041893 0.46988687 0.46935497 0.46882336 0.46829213 0.46776142 0.46723133 0.46670195 0.46617341 0.46564578 0.46511918 0.46459368 0.46406937 0.46354634 0.46302467 0.46250444 0.46198571 0.46146857 0.46095308 0.4604393 0.4599273 0.45941713 0.45890886 0.45840255 0.45789823 0.45739598 0.45689582 0.45639781 0.455902 0.45540842 0.45491711 0.45442812 0.45394148 0.45345722 0.45297537 0.45249597 0.45201905 0.45154463 0.45107274 0.4506034 0.45013664 0.44967248
0.47809221 0.47758385 0.47707317 0.47656037 0.47604564 0.47552917 0.47501112 0.47449167 0.47397099 0.47344924 0.47292658 0.47240316 0.47187913 0.47135463 0.4708298 0.47030478 0.46977969 0.46925466 0.46872982 0.46820527 0.46768114 0.46715753 0.46663454 0.46611228 0.46559085 0.46507034 0.46455084 0.46403243 0.46351521 0.46299926 0.46248464 0.46197144 0.46145973 0.46094957 0.46044104 0.4599342 0.4594291 0.45892581 0.45842439 0.45792487 0.45742733 0.4569318 0.45643834 0.45594698 0.45545778 0.45497077 0.45448599 0.45400347 0.45352326 0.45304539 0.45256988 0.45209677 0.45162609 0.45115787 0.45069212 0.45022888 0.44976816
0.47786233 0.47736215 0.47685958 0.47635481 0.47584802 0.4753394 0.47482912 0.47431736 0.47380428 0.47329004 0.4727748 0.47225871 0.47174192 0.47122457 0.4707068 0.47018874 0.46967053 0.46915228 0.46863412 0.46811616 0.46759852 0.46708131 0.46656463 0.46604859 0.46553328 0.46501879 0.46450522 0.46399266 0.46348119 0.46297089 0.46246183 0.46195411 0.46144778 0.46094291 0.46043959 0.45993786 0.45943779 0.45893944 0.45844286 0.45794812 0.45745525 0.45696433 0.45647538 0.45598845 0.4555036 0.45502085 0.45454026 0.45406186 0.45358568 0.45311176 0.45264013 0.45217083 0.45170387 0.4512393 0.45077713 0.4503174 0.44986011
0.47763243 0.4771403 0.47664569 0.47614881 0.47564984 0.47514894 0.47464632 0.47414212 0.47363652 0.47312967 0.47262174 0.47211287 0.47160322 0.47109291 0.4705821 0.47007091 0.46955947 0.4690479 0.46853634 0.46802489 0.46751366 0.46700277 0.46649233 0.46598242 0.46547316 0.46496463 0.46445693 0.46395014 0.46344436 0.46293965 0.46243611 0.4619338 0.46143281 0.46093319 0.46043502 0.45993836 0.45944327 0.45894982 0.45845806 0.45796805 0.45747984 0.45699347 0.45650901 0.45602649 0.45554596 0.45506746 0.45459103 0.45411672 0.45364455 0.45317457 0.4527068 0.45224128 0.45177804 0.45131711 0.45085851 0.45040227 0.44994842
0.47740256 0.47691834 0.47643157 0.47594245 0.47545115 0.47495787 0.47446276 0.47396601 0.47346777 0.4729682 0.47246747 0.47196571 0.47146309 0.47095972 0.47045577 0.46995134 0.46944659 0.46894162 0.46843656 0.46793153 0.46742664 0.46692199 0.4664177 0.46591386 0.46541058 0.46490794 0.46440604 0.46390497 0.46340481 0.46290565 0.46240756 0.46191062 0.46141491 0.46092048 0.46042742 0.45993579 0.45944565 0.45895706 0.45847008 0.45798476 0.45750116 0.45701933 0.45653932 0.45606118 0.45558495 0.45511067 0.45463839 0.45416814 0.45369996 0.45323389 0.45276997 0.45230822 0.45184868 0.45139137 0.45093633 0.45048357 0.45003314
0.47717277 0.47669633 0.47621726 0.47573577 0.47525203 0.47476622 0.47427852 0.47378909 0.4732981 0.4728057 0.47231205 0.4718173 0.4713216 0.47082508 0.47032788 0.46983014 0.46933197 0.46883351 0.46833487 0.46783618 0.46733754 0.46683906 0.46634084 0.465843 0.46534562 0.46484881 0.46435265 0.46385723 0.46336264 0.46286896 0.46237627 0.46188464 0.46139416 0.46090489 0.46041689 0.45993024 0.459445 0.45896123 0.45847899 0.45799833 0.45751932 0.45704199 0.4565664 0.45609261 0.45562064 0.45515056 0.45468239 0.45421619 0.45375198 0.45328981 0.45282971 0.45237172 0.45191586 0.45146216 0.45101066 0.45056139 0.45011435
0.47694312 0.47647432 0.47600283 0.47552883 0.47505252 0.47457407 0.47409365 0.47361143 0.47312757 0.47264223 0.47215556 0.47166772 0.47117883 0.47068906 0.47019852 0.46970735 0.46921569 0.46872365 0.46823135 0.4677389 0.46724643 0.46675404 0.46626183 0.46576991 0.46527838 0.46478732 0.46429683 0.463807 0.46331792 0.46282967 0.46234232 0.46185596 0.46137065 0.46088648 0.4604035 0.45992179 0.45944141 0.45896242 0.45848488 0.45800885 0.45753438 0.45706152 0.45659033 0.45612085 0.45565313 0.45518721 0.45472314 0.45426096 0.4538007 0.45334241 0.45288611 0.45243185 0.45197966 0.45152956 0.45108159 0.45063577 0.45019214
0.47671365 0.47625236 0.47578831 0.47532169 0.47485269 0.47438147 0.47390822 0.47343309 0.47295625 0.47247786 0.47199807 0.47151702 0.47103486 0.47055172 0.47006775 0.46958307 0.46909782 0.46861211 0.46812606 0.46763979 0.46715341 0.46666703 0.46618075 0.46569468 0.46520892 0.46472355 0.46423867 0.46375437 0.46327074 0.46278785 0.46230579 0.46182464 0.46134447 0.46086534 0.46038734 0.45991053 0.45943496 0.45896071 0.45848784 0.45801639 0.45754643 0.45707801 0.45661118 0.45614598 0.45568248 0.4552207 0.4547607 0.45430251 0.45384618 0.45339175 0.45293924 0.4524887 0.45204015 0.45159364 0.45114918 0.45070682 0.45026656
0.47648441 0.4760305 0.47557377 0.4751144 0.47465258 0.47418849 0.47372229 0.47325414 0.47278421 0.47231266 0.47183963 0.47136528 0.47088974 0.47041315 0.46993565 0.46945737 0.46897844 0.46849897 0.46801909 0.46753891 0.46705854 0.4665781 0.46609768 0.46561739 0.46513733 0.46465758 0.46417825 0.46369942 0.46322117 0.4627436 0.46226678 0.46179078 0.46131568 0.46084156 0.46036849 0.45989652 0.45942573 0.45895618 0.45848793 0.45802103 0.45755555 0.45709153 0.45662903 0.45616809 0.45570877 0.45525111 0.45479515 0.45434094 0.45388851 0.45343791 0.45298917 0.45254233 0.45209741 0.45165447 0.45121351 0.45077458 0.4503377
0.47625546 0.4758088 0.47535926 0.47490702 0.47445227 0.47399517 0.47353591 0.47307463 0.4726115 0.47214668 0.47168032 0.47121256 0.47074354 0.47027341 0.46980229 0.46933032 0.46885761 0.46838431 0.46791051 0.46743634 0.46696191 0.46648733 0.46601269 0.46553811 0.46506368 0.46458949 0.46411564 0.46364222 0.4631693 0.46269699 0.46222534 0.46175445 0.46128438 0.46081522 0.46034702 0.45987986 0.4594138 0.45894891 0.45848524 0.45802286 0.45756181 0.45710216 0.45664396 0.45618725 0.45573208 0.45527851 0.45482657 0.4543763 0.45392776 0.45348097 0.45303598 0.45259281 0.45215151 0.45171211 0.45127464 0.45083913 0.45040561
0.47602684 0.4755873 0.47514483 0.4746996 0.4742518 0.47380159 0.47334914 0.47289462 0.47243819 0.47198 0.4715202 0.47105893 0.47059634 0.47013256 0.46966773 0.46920198 0.46873542 0.46826819 0.4678004 0.46733216 0.46686359 0.46639479 0.46592587 0.46545692 0.46498806 0.46451936 0.46405093 0.46358285 0.46311521 0.46264809 0.46218157 0.46171573 0.46125064 0.46078638 0.46032302 0.45986062 0.45939925 0.45893897 0.45847985 0.45802194 0.4575653 0.45710998 0.45665604 0.45620353 0.45575249 0.45530297 0.45485502 0.45440868 0.45396399 0.453521 0.45307973 0.45264022 0.45220252 0.45176665 0.45133265 0.45090055 0.45047037
0.47579859 0.47536606 0.47493053 0.4744922 0.47405122 0.47360778 0.47316205 0.47271418 0.47226434 0.47181267 0.47135933 0.47090446 0.4704482 0.46999068 0.46953205 0.46907242 0.46861193 0.46815068 0.46768881 0.46722643 0.46676364 0.46630055 0.46583727 0.4653739 0.46491053 0.46444726 0.46398419 0.46352139 0.46305896 0.46259698 0.46213553 0.46167469 0.46121453 0.46075513 0.46029655 0.45983887 0.45938214 0.45892644 0.45847183 0.45801836 0.45756608 0.45711507 0.45666536 0.45621701 0.45577007 0.45532458 0.45488059 0.45443815 0.45399729 0.45355806 0.4531205 0.45268463 0.45225051 0.45181815 0.4513876 0.45095889 0.45053204
0.47557078 0.47514513 0.47471643 0.47428486 0.4738506 0.47341382 0.47297469 0.47253336 0.47209 0.47164476 0.47119778 0.4707492 0.47029918 0.46984784 0.46939531 0.46894172 0.4684872 0.46803187 0.46757584 0.46711922 0.46666214 0.46620469 0.46574698 0.46528911 0.46483117 0.46437326 0.46391548 0.46345791 0.46300063 0.46254374 0.46208731 0.46163141 0.46117613 0.46072153 0.4602677 0.45981468 0.45936256 0.4589114 0.45846125 0.45801217 0.45756423 0.45711748 0.45667197 0.45622775 0.45578488 0.45534339 0.45490334 0.45446477 0.45402772 0.45359224 0.45315835 0.45272611 0.45229554 0.45186668 0.45143957 0.45101422 0.45059069
0.47534345 0.47492455 0.47450255 0.47407764 0.47364998 0.47321975 0.47278711 0.47235223 0.47191524 0.47147632 0.4710356 0.47059323 0.47014934 0.46970408 0.46925757 0.46880993 0.4683613 0.4679118 0.46746153 0.46701061 0.46655916 0.46610727 0.46565506 0.46520262 0.46475005 0.46429744 0.46384489 0.46339248 0.4629403 0.46248844 0.46203696 0.46158596 0.46113551 0.46068567 0.46023653 0.45978814 0.45934058 0.45889391 0.45844818 0.45800347 0.45755983 0.4571173 0.45667596 0.45623584 0.455797 0.45535948 0.45492334 0.45448862 0.45405535 0.45362359 0.45319336 0.45276472 0.45233768 0.4519123 0.4514886 0.45106662 0.45064638
0.47511664 0.47470438 0.47428897 0.47387059 0.47344943 0.47302563 0.47259938 0.47217082 0.47174012 0.47130741 0.47087286 0.47043659 0.46999875 0.46955948 0.4691189 0.46867713 0.46823431 0.46779055 0.46734596 0.46690066 0.46645477 0.46600837 0.46556159 0.46511451 0.46466724 0.46421986 0.46377248 0.46332518 0.46287804 0.46243114 0.46198458 0.46153842 0.46109274 0.46064761 0.46020311 0.45975931 0.45931626 0.45887404 0.4584327 0.45799231 0.45755293 0.4571146 0.45667738 0.45624133 0.4558065 0.45537293 0.45494066 0.45450976 0.45408025 0.45365218 0.45322559 0.45280052 0.45237701 0.45195508 0.45153478 0.45111614 0.45069919
0.4748904 0.47448466 0.47407572 0.47366377 0.47324898 0.47283151 0.47241154 0.47198921 0.47156468 0.47113809 0.47070961 0.47027935 0.46984747 0.4694141 0.46897935 0.46854337 0.46810627 0.46766817 0.46722919 0.46678944 0.46634902 0.46590805 0.46546662 0.46502484 0.4645828 0.4641406 0.46369832 0.46325606 0.4628139 0.46237192 0.46193021 0.46148884 0.46104789 0.46060743 0.46016753 0.45972826 0.45928968 0.45885187 0.45841488 0.45797877 0.45754361 0.45710944 0.45667632 0.4562443 0.45581344 0.45538378 0.45495537 0.45452826 0.45410248 0.45367808 0.45325511 0.45283359 0.45241357 0.45199508 0.45157816 0.45116285 0.45074916
0.47466478 0.47426543 0.47386285 0.47345721 0.47304869 0.47263745 0.47222364 0.47180744 0.47138898 0.47096842 0.47054591 0.47012157 0.46969556 0.46926799 0.468839 0.46840872 0.46797726 0.46754475 0.46711129 0.46667701 0.466242 0.46580637 0.46537024 0.46493368 0.46449681 0.46405971 0.46362248 0.46318521 0.46274797 0.46231085 0.46187394 0.46143731 0.46100103 0.46056518 0.46012983 0.45969505 0.45926091 0.45882746 0.45839478 0.45796291 0.45753193 0.45710188 0.45667283 0.45624481 0.45581789 0.45539212 0.45496753 0.45454418 0.45412211 0.45370136 0.45328197 0.45286399 0.45244744 0.45203237 0.45161881 0.4512068 0.45079636
0.47443982 0.47404676 0.47365041 0.47325098 0.47284861 0.47244348 0.47203575 0.47162556 0.47121308 0.47079845 0.47038181 0.4699633 0.46954306 0.46912122 0.4686979 0.46827323 0.46784733 0.46742032 0.46699232 0.46656342 0.46613375 0.4657034 0.46527249 0.46484109 0.46440933 0.46397727 0.46354503 0.46311267 0.4626803 0.46224799 0.46181582 0.46138387 0.46095222 0.46052094 0.4600901 0.45965976 0.45923 0.45880088 0.45837246 0.4579448 0.45751797 0.45709201 0.45666698 0.45624293 0.45581992 0.455398 0.45497721 0.45455759 0.4541392 0.45372207 0.45330625 0.45289177 0.45247868 0.45206701 0.45165679 0.45124807 0.45084086
0.47421557 0.47382866 0.47343845 0.4730451 0.47264879 0.47224967 0.4718479 0.47144364 0.47103703 0.47062823 0.47021737 0.4698046 0.46939004 0.46897384 0.4685561 0.46813697 0.46771655 0.46729496 0.46687233 0.46644875 0.46602435 0.46559921 0.46517344 0.46474714 0.46432041 0.46389334 0.46346602 0.46303853 0.46261097 0.4621834 0.46175593 0.46132861 0.46090154 0.46047477 0.46004838 0.45962245 0.45919703 0.45877219 0.458348 0.45792451 0.45750178 0.45707987 0.45665883 0.45623873 0.4558196 0.45540149 0.45498446 0.45456856 0.45415382 0.45374028 0.453328 0.45291701 0.45250735 0.45209905 0.45169216 0.4512867 0.45088271
0.47399206 0.4736112 0.47322701 0.47283964 0.47244927 0.47205605 0.47166015 0.47126171 0.47086088 0.47045782 0.47005265 0.46964552 0.46923656 0.4688259 0.46841367 0.46799998 0.46758496 0.46716873 0.46675139 0.46633306 0.46591384 0.46549384 0.46507315 0.46465189 0.46423013 0.46380798 0.46338552 0.46296284 0.46254002 0.46211716 0.46169432 0.46127159 0.46084903 0.46042674 0.46000476 0.45958318 0.45916206 0.45874146 0.45832145 0.45790209 0.45748343 0.45706554 0.45664846 0.45623225 0.45581697 0.45540265 0.45498936 0.45457714 0.45416602 0.45375606 0.45334729 0.45293976 0.45253351 0.45212857 0.45172497 0.45132277 0.45092197
0.47376933 0.47339442 0.47301613 0.47263463 0.4722501 0.47186268 0.47147254 0.47107982 0.47068468 0.47028726 0.46988769 0.46948611 0.46908266 0.46867747 0.46827065 0.46786233 0.46745263 0.46704167 0.46662955 0.46621639 0.46580229 0.46538736 0.46497169 0.46455539 0.46413854 0.46372124 0.46330359 0.46288566 0.46246754 0.46204931 0.46163106 0.46121285 0.46079478 0.4603769 0.45995929 0.45954202 0.45912515 0.45870875 0.45829288 0.45787761 0.45746298 0.45704907 0.45663591 0.45622357 0.4558121 0.45540155 0.45499196 0.45458339 0.45417587 0.45376945 0.45336418 0.45296009 0.45255722 0.45215561 0.4517553 0.45135632 0.4509587
0.47354743 0.47317834 0.47280585 0.47243012 0.47205132 0.4716696 0.47128512 0.47089803 0.47050848 0.4701166 0.46972254 0.46932643 0.4689284 0.46852858 0.4681271 0.46772407 0.46731962 0.46691385 0.46650688 0.46609881 0.46568976 0.46527983 0.46486911 0.4644577 0.4640457 0.4636332 0.46322029 0.46280705 0.46239357 0.46197992 0.4615662 0.46115248 0.46073883 0.46032532 0.45991203 0.45949902 0.45908636 0.45867412 0.45826236 0.45785113 0.4574405 0.45703052 0.45662126 0.45621275 0.45580506 0.45539824 0.45499233 0.45458737 0.45418342 0.45378052 0.45337872 0.45297804 0.45257853 0.45218023 0.45178318 0.45138741 0.45099296
0.47332639 0.47296302 0.47259622 0.47222615 0.47185298 0.47147686 0.47109794 0.47071638 0.47033232 0.4699459 0.46955725 0.46916652 0.46877383 0.46837931 0.46798308 0.46758526 0.46718596 0.46678531 0.46638342 0.46598038 0.46557631 0.4651713 0.46476547 0.46435889 0.46395168 0.46354391 0.46313568 0.46272707 0.46231817 0.46190906 0.46149982 0.46109052 0.46068124 0.46027206 0.45986304 0.45945425 0.45904576 0.45863763 0.45822993 0.45782271 0.45741604 0.45700997 0.45660455 0.45619985 0.45579591 0.45539278 0.45499051 0.45458915 0.45418874 0.45378933 0.45339097 0.45299368 0.45259751 0.4522025 0.45180869 0.45141611 0.45102479
