landslides_training_model/shapes/shapes_mean/decision_tree_mean_suc.tif
NCOLS 441
NROWS 451
XLLCORNER -92.213079
YLLCORNER 13.747265
DX 0.0090151111
DY 0.0090031242
NODATA_VALUE -9999
[rows 350 to 374 of 451, columns 0 to 56 of 441]
0.37057315 0.35940853 0.34678105 0.33219899 0.31442479 0.28897232 0.26424557 0.24612563 0.21843436 0.21446614 0.21232352 0.21083348 0.20973932 0.20897961 0.20858196 0.20860559 0.20912615 0.21019343 0.21183149 0.2140325 0.21674659 0.21991256 0.22345995 0.22733228 0.23146913 0.23585839 0.24051139 0.24544969 0.25075126 0.25651757 0.26289099 0.2700267 0.27815052 0.28772408 0.30006377 0.31760511 0.33914704 0.39672769 0.48837389 0.51457984 0.53039647 0.54224229 0.55189079 0.56006493 0.5671987 0.57356755 0.57941343 0.58485464 0.59012728 0.59649726 0.60804788 0.67809081 0.68455256 0.68053693 0.62180403 0.60886919 0.60412257
0.36361155 0.35141523 0.33728542 0.32050146 0.29938977 0.26368365 0.22617302 0.21958795 0.21532865 0.21271524 0.21095113 0.20963946 0.20864521 0.20794951 0.20758874 0.20762974 0.20813239 0.2091527 0.21071481 0.21280853 0.21539295 0.21840597 0.22177878 0.22544666 0.22935452 0.23348726 0.23783112 0.24240226 0.24724193 0.25241054 0.25799434 0.26410393 0.27090913 0.27870554 0.28806433 0.29993054 0.31725115 0.36623884 0.45252155 0.49313728 0.5140517 0.52989033 0.54189118 0.55131017 0.5591676 0.56597526 0.57202367 0.57752496 0.58278423 0.5885665 0.59810723 0.66358556 0.67795918 0.68013874 0.6740228 0.61764623 0.60500239
0.35648973 0.3430525 0.32679713 0.30631688 0.27843482 0.246626 0.22034778 0.21577844 0.21308419 0.21116058 0.20968873 0.20853356 0.20762931 0.20699498 0.2066655 0.20671379 0.20719907 0.20817556 0.20966633 0.21166013 0.21412368 0.2169893 0.22020008 0.2236799 0.22739059 0.23128404 0.23535818 0.23960354 0.2440557 0.24873984 0.2537265 0.25908322 0.26494446 0.27149712 0.27907262 0.28832778 0.30085209 0.32090794 0.36591352 0.44294019 0.476036 0.51188815 0.52899165 0.54059849 0.5498108 0.55754581 0.56424805 0.57017801 0.5756209 0.58102814 0.58743048 0.59732336 0.65972749 0.67008193 0.66314969 0.65620712 0.61115579
0.34935531 0.33463211 0.31554097 0.28552606 0.24969532 0.22253467 0.2166176 0.21346619 0.21138065 0.20979767 0.2085299 0.20749391 0.20667111 0.20608466 0.20578554 0.20583814 0.20630676 0.20724073 0.20866437 0.21056916 0.21291787 0.21565347 0.21871021 0.22202498 0.2255442 0.22923543 0.23306327 0.2370315 0.24114846 0.24543855 0.24994106 0.25471553 0.259847 0.26547121 0.27178969 0.27918464 0.28832767 0.30040944 0.31739566 0.33903598 0.38471655 0.48688974 0.51051574 0.52600033 0.53770862 0.54715255 0.55506487 0.56181564 0.56770796 0.57306241 0.57831287 0.58417619 0.59241561 0.64789233 0.59905299 0.59932337 0.64947624
0.34233118 0.32665133 0.30595172 0.26719329 0.22979585 0.21846776 0.21417775 0.21171286 0.20997349 0.20861022 0.20748252 0.20654556 0.20578712 0.20524324 0.20497127 0.20502775 0.20547935 0.20637423 0.20773432 0.20955476 0.21179951 0.21441407 0.21732869 0.22049108 0.22384113 0.2273376 0.23094737 0.23467258 0.23850523 0.24246118 0.24656317 0.25086244 0.25541264 0.26030411 0.26566444 0.27170848 0.27872633 0.28715719 0.29764014 0.31214041 0.34873886 0.43733776 0.46803093 0.50232798 0.51951901 0.53272108 0.54306348 0.5513451 0.55815184 0.56386957 0.56888658 0.57354391 0.57815071 0.58228014 0.58385717 0.5871713 0.63475766
0.33534802 0.31904077 0.29807357 0.26780611 0.23715007 0.21614226 0.21237937 0.2102754 0.20875913 0.20754906 0.20653095 0.20566302 0.20496253 0.2044595 0.20420344 0.20426559 0.20470103 0.20555977 0.20686265 0.20860612 0.21075243 0.2132518 0.21604724 0.21906573 0.2222584 0.22558699 0.22900869 0.23251896 0.23609978 0.23976543 0.24353658 0.24743144 0.25150072 0.25580581 0.26041891 0.26546549 0.27108633 0.27750708 0.2850949 0.29475498 0.30862455 0.32570969 0.35440146 0.44927203 0.4759524 0.50903485 0.52497225 0.53671471 0.54539507 0.55193215 0.5572386 0.56178038 0.56576228 0.569102 0.57158557 0.57358439 0.57522438
0.32810378 0.3111991 0.28928538 0.25054482 0.21987629 0.21376447 0.21084671 0.20903158 0.20768735 0.20659046 0.20565306 0.20485025 0.20419439 0.20372171 0.20348632 0.20354976 0.20397091 0.20479535 0.20604535 0.2077157 0.20977576 0.21217502 0.21485321 0.21774943 0.22080759 0.22398198 0.2272393 0.23055632 0.23392341 0.23733947 0.2408145 0.24436989 0.2480343 0.25185081 0.25587063 0.26016093 0.26480821 0.26992435 0.27568524 0.2823667 0.29026417 0.29951838 0.31134376 0.3256311 0.34909566 0.45645355 0.48118614 0.51256529 0.52545053 0.53321781 0.53917145 0.54418494 0.54869427 0.55304487 0.5565898 0.55737417 0.55623499
0.32007627 0.30238627 0.28007982 0.24404532 0.21670516 0.21189393 0.20950229 0.20792851 0.20672068 0.20571909 0.20484768 0.20409437 0.20348049 0.20303361 0.20281577 0.20287983 0.20328656 0.20408054 0.20528262 0.206887 0.20886956 0.21118004 0.21375545 0.21654503 0.21948747 0.22252993 0.2256464 0.22879648 0.23197656 0.23517291 0.23838706 0.241644 0.24495453 0.24836206 0.25189505 0.25559598 0.25952165 0.26372083 0.26827954 0.27327145 0.27877311 0.28486593 0.29168834 0.29949927 0.30957738 0.322171 0.34174174 0.46008335 0.47580013 0.48478781 0.49177929 0.49778212 0.50360148 0.51195284 0.53091415 0.51812543 0.51258782
0.31038958 0.29114966 0.26371205 0.23358641 0.21406336 0.21030783 0.20831427 0.20693508 0.20584591 0.20491416 0.20410033 0.20339175 0.20280797 0.20238214 0.20217505 0.20224102 0.20263516 0.20340028 0.20455953 0.2061085 0.20802106 0.21025217 0.21275076 0.21544818 0.21829342 0.22123593 0.22423877 0.2272554 0.23026942 0.2332679 0.23625105 0.23923424 0.24222898 0.24527289 0.24839348 0.25162415 0.25498664 0.25852094 0.26225586 0.26622039 0.27044212 0.2749344 0.27976076 0.28502352 0.29093604 0.29770468 0.30630119 0.31618358 0.32267895 0.32735711 0.33191765 0.3373597 0.34480073 0.35899095 0.48558109 0.3778216 0.37456472
0.29701616 0.27662421 0.24228734 0.21691289 0.21152989 0.20890767 0.20726674 0.20605451 0.20505979 0.20419476 0.203425 0.20274959 0.20219522 0.20179115 0.20159336 0.2016585 0.20204065 0.2027813 0.20390172 0.20540223 0.20725803 0.20942768 0.21185792 0.21449227 0.21727379 0.22014479 0.22306509 0.22598345 0.22886389 0.23168681 0.23444856 0.23716105 0.2398506 0.24255919 0.24531349 0.2481398 0.25106053 0.25409031 0.25724516 0.26053373 0.26397981 0.26758523 0.27138899 0.27544919 0.27986082 0.28474497 0.29023997 0.29612214 0.30195599 0.30774886 0.31393015 0.32158978 0.33181084 0.34686377 0.37661813 0.38349514 0.3709329
0.27102441 0.24941202 0.22954581 0.21314927 0.20967491 0.2077282 0.20635963 0.20528404 0.20436407 0.2035511 0.2028151 0.20216984 0.2016346 0.20124419 0.20105675 0.20112056 0.20149306 0.2022121 0.20330143 0.20476327 0.20657335 0.20870005 0.21108763 0.21369258 0.21645042 0.21931658 0.2222161 0.22509113 0.227872 0.2305314 0.23306387 0.23548096 0.23784308 0.24019919 0.24260186 0.24506794 0.2476197 0.25025316 0.25298459 0.25580943 0.25875225 0.26182188 0.26507397 0.26856333 0.27241843 0.27678509 0.28192245 0.28817477 0.29608981 0.30521507 0.31430572 0.32740574 0.35642934 0.37675136 0.50197434 0.50822267 0.40608559
0.23716329 0.21935587 0.21418243 0.21056066 0.20832908 0.20679661 0.20561672 0.2046328 0.20376802 0.20298682 0.20227759 0.20164968 0.20112331 0.20074645 0.20056373 0.20062832 0.2009915 0.2016938 0.20275898 0.20419098 0.20597452 0.2080791 0.21046413 0.21309078 0.21590636 0.2188691 0.2218927 0.22483981 0.22759588 0.23010603 0.23235113 0.23436386 0.2362691 0.23820275 0.24022105 0.2423466 0.24457046 0.2468849 0.24928647 0.25178113 0.25438348 0.25712756 0.2600784 0.26334425 0.2671111 0.27167654 0.27761418 0.28618746 0.30214242 0.33312867 0.34779628 0.36479471 0.49401406 0.510573 0.52098899 0.52538765 0.52471256
0.22099808 0.21473531 0.21140632 0.20912706 0.2074441 0.20613303 0.2050545 0.20411674 0.20327479 0.20251009 0.20180983 0.20118906 0.20067268 0.20030388 0.20012273 0.20018426 0.20054049 0.20122932 0.20227827 0.20369611 0.20547309 0.20759521 0.21003307 0.21276312 0.21577705 0.21911718 0.22272651 0.22612229 0.22901424 0.23139123 0.23318291 0.23432923 0.23532155 0.23659056 0.2381429 0.23991696 0.24184235 0.24388452 0.24602455 0.24826971 0.25063229 0.25316308 0.25596216 0.259186 0.26314377 0.26838871 0.27599152 0.28839475 0.31683787 0.46170529 0.48561935 0.49977118 0.51287299 0.52201704 0.5279952 0.53172741 0.53407862
0.21941986 0.21368706 0.21062843 0.20857499 0.20702698 0.20576898 0.20469255 0.20374872 0.20289916 0.20211936 0.20141453 0.20079249 0.20027327 0.19990207 0.1997212 0.19977817 0.20012715 0.20080745 0.2018491 0.20326776 0.20507145 0.20726767 0.2098552 0.21285183 0.21636857 0.22088799 0.22901046 0.2349347 0.23845994 0.24078432 0.24156273 0.23798477 0.2354278 0.23540286 0.23631702 0.23770979 0.23935524 0.2411634 0.24309376 0.24513342 0.24731633 0.24970198 0.25240433 0.25567227 0.25997509 0.26631639 0.27695572 0.29782837 0.34364333 0.47643879 0.49836352 0.51030119 0.51894641 0.52534492 0.52990894 0.53310731 0.53546304
0.22481874 0.21510216 0.21120087 0.20887363 0.20717943 0.20578193 0.20459528 0.20357089 0.2026646 0.20184977 0.20111711 0.20047583 0.19994777 0.19956835 0.19938119 0.19943499 0.1997787 0.2004552 0.20149932 0.20294064 0.20481409 0.20717836 0.21015317 0.2138522 0.21855279 0.22804108 0.25966372 0.27126837 0.27438484 0.27463947 0.27140823 0.25045855 0.23834244 0.23461986 0.23464837 0.23565667 0.23705825 0.23866624 0.24041479 0.24229269 0.24432384 0.24658096 0.24920683 0.25249681 0.25710486 0.26483515 0.28297553 0.32800584 0.45645958 0.48439899 0.50083452 0.51186061 0.51964069 0.52515349 0.52899116 0.53160107 0.53350679
0.24844456 0.22239058 0.21375463 0.21050593 0.20832781 0.2063716 0.20484239 0.20362825 0.20260505 0.20171565 0.20092769 0.20025178 0.19969726 0.19930321 0.1991039 0.19914929 0.19948955 0.2001664 0.2012222 0.20270591 0.20470467 0.2074347 0.21150706 0.21958811 0.22716856 0.26148252 0.27644039 0.28295302 0.28499069 0.28385869 0.27923306 0.26930882 0.2440276 0.23364758 0.23295185 0.23367675 0.23488963 0.236335 0.23793112 0.23966802 0.24155909 0.24368951 0.24619741 0.24940343 0.25400677 0.26218258 0.28670154 0.41930736 0.45383127 0.47578256 0.49265758 0.50851258 0.51720603 0.52257435 0.52578361 0.52719532 0.52603063
0.28394618 0.24816367 0.22250498 0.21647396 0.2138998 0.20799812 0.20557467 0.20400633 0.20278179 0.20175519 0.20087301 0.20013108 0.19953506 0.19911013 0.19889366 0.19892766 0.19926485 0.19994949 0.20102896 0.20257078 0.20474179 0.20820981 0.21657801 0.25190351 0.26628496 0.27697516 0.2845773 0.2881634 0.28831844 0.28502987 0.27740379 0.2615702 0.23969028 0.23166939 0.23107715 0.23171507 0.23280844 0.23413039 0.23560233 0.23720818 0.23896337 0.24094639 0.24328859 0.24626138 0.25044364 0.25741245 0.27379435 0.34714936 0.38060891 0.40772763 0.43540533 0.49706816 0.51178782 0.51774608 0.51968369 0.5162205 0.48992631
0.30346746 0.28304898 0.25213007 0.23478669 0.233524 0.21102034 0.20707261 0.20489425 0.20330652 0.20203595 0.2010002 0.20015029 0.19948147 0.19900739 0.19875976 0.19878018 0.19911863 0.19982175 0.20094375 0.20256148 0.20488003 0.20887731 0.23735884 0.25079104 0.27050967 0.28270115 0.28800648 0.28941832 0.28736407 0.28065919 0.26353523 0.23933923 0.23087574 0.22910956 0.2290729 0.22976726 0.23080304 0.23203296 0.23339546 0.23487887 0.23650036 0.23832597 0.24045692 0.24310134 0.24666112 0.25203923 0.26286947 0.31262541 0.34033724 0.38278548 0.41385424 0.44385487 0.50382471 0.50992028 0.50637457 0.46827569 0.46796205
0.31795632 0.3031965 0.28732526 0.27339294 0.24900032 0.21913041 0.21032101 0.20688051 0.20446646 0.20269572 0.20136915 0.20033983 0.19955761 0.19900553 0.19871105 0.19870796 0.19905239 0.19980127 0.20101947 0.20277307 0.20523501 0.20924005 0.21847758 0.22767022 0.2704824 0.2847445 0.28828261 0.28740723 0.2828359 0.2726205 0.24036963 0.2295413 0.22720051 0.22674329 0.22708797 0.22785816 0.22886352 0.23002306 0.23128869 0.23266106 0.23414679 0.23580168 0.23770701 0.24000002 0.2429427 0.24697522 0.25296542 0.26183278 0.27763438 0.36592163 0.41498008 0.44151343 0.49461258 0.49418737 0.44903017 0.44316509 0.44354758
0.32932978 0.31760888 0.30549767 0.29266551 0.27652926 0.25078861 0.22179762 0.21439592 0.20709159 0.20403521 0.20213947 0.20080758 0.19983502 0.19916056 0.19878408 0.19874682 0.19910763 0.19996284 0.20145821 0.20366409 0.20646603 0.21079506 0.24232454 0.26465085 0.27909914 0.28567308 0.28584578 0.28129066 0.27336413 0.25655491 0.23248371 0.2256039 0.22457405 0.22464862 0.22520257 0.22602261 0.22700668 0.22810287 0.22928449 0.23054878 0.23190292 0.23339134 0.235071 0.23704206 0.23946681 0.24260545 0.2469126 0.25346261 0.26775184 0.35299445 0.44956186 0.46774823 0.47605613 0.4267879 0.42185325 0.42049317 0.41887408
0.33860943 0.3286787 0.31835258 0.30734063 0.29493578 0.28046553 0.26613365 0.24683088 0.21532703 0.20682881 0.20362587 0.20172522 0.20041805 0.19952103 0.1990098 0.19890625 0.19928937 0.20034658 0.20273775 0.20890073 0.21330885 0.21781557 0.22468148 0.26899106 0.28251734 0.28506951 0.28006826 0.26242626 0.25150513 0.23039615 0.22412797 0.22259216 0.22238872 0.22276079 0.22343185 0.22427633 0.22523195 0.22627158 0.22737099 0.2285315 0.2297629 0.23109587 0.23256774 0.23425196 0.23626647 0.23878768 0.24217937 0.24741647 0.25923689 0.32919409 0.36213248 0.382245 0.39340589 0.39729524 0.39886968 0.39788176 0.39122472
0.34644971 0.33777055 0.32875308 0.31927199 0.30913832 0.29827474 0.28658754 0.27237297 0.25035127 0.21536878 0.20680244 0.20365904 0.20157862 0.20021568 0.19944551 0.1992111 0.19959607 0.20093073 0.20468227 0.24228637 0.25428844 0.2622188 0.27040258 0.2792384 0.28441555 0.28346975 0.27337001 0.23248426 0.22424654 0.22177441 0.22054304 0.22025576 0.22049703 0.22104592 0.22177455 0.22262115 0.22354541 0.2245263 0.22554671 0.22661176 0.22772971 0.2289116 0.23019832 0.23163891 0.23330782 0.23535125 0.23802807 0.24198689 0.25017738 0.29862752 0.33255254 0.3528147 0.3656103 0.3735558 0.37743941 0.37344718 0.34951619
0.35325646 0.34554462 0.33756127 0.32925431 0.32054836 0.31134806 0.30139972 0.28997241 0.27555405 0.25408953 0.21747716 0.21108486 0.2041557 0.20151992 0.20020538 0.19970576 0.2000188 0.20186441 0.20883679 0.24618466 0.24916143 0.26625997 0.27685365 0.28264418 0.28477436 0.28165571 0.269337 0.22860171 0.2203636 0.21870503 0.21829388 0.21841842 0.21885161 0.21947923 0.22023014 0.22106084 0.22194534 0.22286526 0.22381361 0.22478612 0.22579579 0.22684685 0.22796541 0.22918996 0.23057686 0.23222202 0.23429061 0.23711424 0.24145522 0.24947361 0.29648186 0.32521465 0.33980139 0.34960335 0.35635073 0.35122658 0.28596364
0.35927781 0.35234746 0.34519778 0.3378026 0.33011497 0.3220512 0.31343972 0.30395717 0.2931108 0.28029897 0.26702656 0.25065273 0.21228729 0.20419004 0.20154613 0.20048364 0.20049187 0.20234606 0.22859603 0.23632193 0.21879074 0.262926 0.27561421 0.2815511 0.28353552 0.27977117 0.26680546 0.2266666 0.21851453 0.21695413 0.21668152 0.21690974 0.21739591 0.21804243 0.21878446 0.21958514 0.22042553 0.22128545 0.22216401 0.22305174 0.22395829 0.22488688 0.22585539 0.22689626 0.22804105 0.22936116 0.23094669 0.23295941 0.23566725 0.23957418 0.24631963 0.28785872 0.299152 0.30980127 0.33231015 0.3371519 0.28535217
0.36467358 0.35839035 0.35192638 0.34526616 0.33837779 0.33120378 0.32364663 0.31556328 0.30679343 0.29724884 0.2868369 0.27408626 0.25466909 0.21245208 0.20429364 0.2018806 0.2011939 0.20172252 0.20352672 0.20678578 0.23786439 0.25877649 0.25910465 0.2746693 0.28091627 0.2777353 0.26500927 0.22546472 0.21740615 0.21579085 0.21545487 0.21563776 0.21610054 0.21672181 0.2174336 0.21819941 0.21898824 0.2197916 0.22059994 0.22141089 0.22221992 0.22304119 0.22388232 0.22476244 0.22571069 0.22676321 0.22798954 0.2294715 0.23132483 0.23371736 0.23691712 0.24096836 0.24517851 0.25143901 0.29763872 0.32193905 0.32789799
