landslides_training_model/shapes/shapes_mean/decision_tree_mean_suc.tif
NCOLS 441
NROWS 451
XLLCORNER -92.213079
YLLCORNER 13.747265
DX 0.0090151111
DY 0.0090031242
NODATA_VALUE -9999
[rows 350 to 374 of 451, columns 171 to 227 of 441]
0.82419795 0.82285482 0.82025907 0.80955437 0.78381382 0.77077026 0.77044846 0.78413452 0.81603627 0.82140724 0.82518286 0.82730015 0.82742026 0.82446888 0.82325046 0.78429991 0.77835291 0.82889644 0.8313934 0.83096468 0.82613395 0.82374045 0.82598208 0.82462831 0.81869517 0.81797886 0.81539389 0.80617672 0.77689086 0.75776888 0.75191048 0.75498182 0.78059845 0.77389955 0.76568771 0.78533429 0.80037693 0.80463681 0.80715947 0.80901487 0.81053967 0.81183683 0.81284046 0.81333778 0.8130982 0.81315767 0.81371129 0.8097247 0.79642846 0.78950478 0.71822515 0.72377204 0.8126533 0.81847132 0.81848154 0.81703898 0.81669851
0.82401142 0.82269207 0.82050807 0.81605847 0.80153719 0.77185125 0.7749076 0.79337306 0.81865367 0.82272062 0.82542043 0.82711329 0.8260268 0.79216764 0.78297158 0.82231031 0.79133409 0.83177845 0.83307183 0.83069676 0.78557992 0.79082402 0.82618685 0.82408787 0.78699444 0.81154786 0.81433889 0.78878961 0.795485 0.76671326 0.7614739 0.75882911 0.77816433 0.77965162 0.79039587 0.80275962 0.80647161 0.80862085 0.81014879 0.8113795 0.81243262 0.81330198 0.81380643 0.81315422 0.80707143 0.7980842 0.81138592 0.80720719 0.73333646 0.73024892 0.80809304 0.81466324 0.81940014 0.82059244 0.81634103 0.80151042 0.81276534
0.82367523 0.82233176 0.82018455 0.81608237 0.80157948 0.77290147 0.78491055 0.81388197 0.81783863 0.81878564 0.82397313 0.82587599 0.82689335 0.82552076 0.7903252 0.78680928 0.83065882 0.83306356 0.83005478 0.82712622 0.78591605 0.8274324 0.82808039 0.8211084 0.78282926 0.78697581 0.81429905 0.80872159 0.78264367 0.76812788 0.78949548 0.7713288 0.762168 0.78905126 0.80388728 0.80787997 0.80992848 0.81124681 0.81223839 0.81305379 0.81376255 0.81431655 0.81451807 0.81333464 0.80103137 0.73190442 0.81084484 0.81333886 0.80881355 0.80259808 0.81597458 0.82121259 0.82314693 0.82224827 0.81272181 0.68760518 0.80632503
0.82318221 0.82172892 0.81908844 0.81213399 0.79510855 0.7709943 0.7854843 0.81394349 0.81510985 0.80050287 0.82003657 0.81868233 0.82187291 0.82748167 0.82767345 0.79863987 0.83265589 0.83352416 0.79806439 0.79428858 0.79457185 0.82992953 0.82922312 0.79536967 0.78454733 0.81769622 0.81896552 0.79423819 0.80603865 0.77830217 0.79410671 0.7748099 0.76411072 0.79244751 0.8073478 0.81062936 0.81214278 0.81304248 0.81365593 0.81412938 0.81453047 0.81480767 0.8148515 0.81441807 0.81257281 0.8114022 0.81391128 0.81474559 0.81097409 0.74520968 0.81877549 0.8241349 0.82551719 0.82445373 0.81664907 0.70219127 0.81095791
0.82256152 0.82096329 0.81760105 0.80242797 0.77392635 0.76675438 0.77997336 0.80868813 0.81675669 0.81688286 0.8106869 0.78109555 0.78875191 0.82658235 0.83033411 0.83215746 0.83422683 0.83518185 0.83480992 0.8340498 0.83263139 0.82916375 0.8304397 0.82794359 0.7985042 0.82254822 0.82247339 0.81812885 0.80860198 0.77851273 0.79614504 0.77679966 0.76696223 0.7950613 0.8093074 0.81236907 0.8136345 0.81422694 0.81443802 0.81445485 0.81450828 0.81438058 0.81360569 0.81347587 0.8146183 0.81480742 0.81007809 0.80088872 0.81537963 0.81907646 0.82333627 0.82611684 0.82728262 0.82691823 0.82440071 0.82052265 0.82058015
0.82185152 0.82017672 0.81645945 0.7996454 0.76994711 0.76325443 0.76771227 0.78759506 0.81526132 0.81434029 0.78731954 0.77632572 0.78644582 0.82574184 0.83016797 0.8323741 0.83426091 0.8355225 0.83599248 0.83565028 0.83332694 0.79582716 0.83040772 0.83099668 0.82892015 0.82717824 0.82491043 0.82062093 0.79352071 0.77558675 0.7928163 0.78039161 0.77255404 0.79721662 0.81061333 0.81354094 0.81465487 0.81492924 0.81440078 0.81309787 0.81266128 0.81246846 0.80504624 0.79846134 0.81267372 0.81481893 0.80529757 0.73035035 0.81622429 0.82240884 0.82514232 0.82719819 0.82847078 0.82874524 0.82799179 0.82652599 0.82439422
0.82107876 0.81944148 0.81569044 0.79839276 0.76889724 0.76216241 0.76580762 0.78594005 0.81425203 0.81660489 0.81113503 0.78071581 0.79384636 0.82537035 0.82814118 0.82779425 0.83280463 0.83482642 0.835675 0.83568858 0.83395412 0.80206684 0.83185571 0.83252494 0.83116951 0.82919607 0.82659141 0.82270617 0.81572394 0.78144464 0.7695325 0.79011029 0.77818245 0.79816775 0.81110471 0.81422676 0.8153652 0.81534173 0.81335423 0.80286847 0.79899914 0.81013275 0.79537958 0.75405346 0.81048513 0.81413778 0.81492415 0.81565379 0.8200628 0.82253944 0.82422488 0.82694623 0.82898776 0.82982019 0.82965475 0.82860579 0.82644989
0.82024585 0.81877464 0.81529566 0.79836577 0.77019547 0.76388582 0.77163216 0.79155954 0.8130325 0.81517329 0.81071416 0.78734836 0.82004725 0.8250674 0.82480559 0.79456909 0.83020863 0.83294939 0.83403865 0.83458458 0.83399359 0.83059817 0.83320053 0.8334547 0.83226309 0.83037162 0.82774456 0.82355834 0.81356491 0.78131211 0.7771961 0.7728202 0.77055243 0.79365049 0.80866767 0.81436798 0.81591359 0.81589257 0.81334434 0.78909942 0.77053925 0.81103029 0.81162568 0.81005289 0.80597266 0.79945623 0.81499079 0.81914141 0.82087836 0.8177928 0.80796965 0.82414116 0.82894616 0.83040253 0.83056658 0.82972664 0.82753823
0.81932936 0.81815081 0.81545229 0.80266025 0.77894797 0.76820366 0.78329739 0.80565322 0.80522025 0.80586341 0.80499921 0.79241225 0.81960646 0.82351314 0.82371545 0.79768483 0.82710806 0.82584721 0.82669403 0.82859201 0.83207584 0.80407275 0.83333267 0.83407937 0.83301445 0.83123408 0.82867626 0.82402235 0.79177466 0.78008488 0.80454364 0.78906969 0.77493159 0.77577112 0.80223854 0.81430717 0.81644727 0.81676241 0.81571499 0.8126927 0.81212168 0.81506966 0.81585014 0.81450612 0.80017403 0.74915072 0.81322869 0.81804872 0.82029455 0.81368108 0.72575564 0.82257324 0.82906259 0.83078088 0.83113375 0.83048663 0.82843948
0.81822875 0.81741552 0.81576632 0.81189787 0.79649315 0.77434265 0.78729524 0.8029508 0.78228348 0.77444327 0.78235026 0.80682373 0.8149837 0.81660847 0.82261062 0.8232403 0.81932654 0.78096021 0.77974682 0.78500431 0.82733627 0.83308127 0.83464769 0.83457603 0.83355627 0.83191639 0.82961249 0.82573078 0.80032651 0.79373051 0.81193857 0.81102001 0.7848266 0.77579902 0.80217243 0.81462241 0.81700228 0.81761861 0.81750748 0.81711001 0.81712337 0.81761848 0.81786278 0.81727836 0.8148771 0.81289314 0.80966723 0.80239124 0.81868867 0.82159462 0.82223444 0.82663417 0.82963359 0.83101849 0.83143462 0.83101444 0.82958049
0.816785 0.81630359 0.81542626 0.81347947 0.80341727 0.78926541 0.79661169 0.80917338 0.79899972 0.7665049 0.77625922 0.7703585 0.80070305 0.78117603 0.81709759 0.81445301 0.77928266 0.78588905 0.78697511 0.78399943 0.79796365 0.8332556 0.83508566 0.83490135 0.83394328 0.83246582 0.83049769 0.8278808 0.82439814 0.82125889 0.81848275 0.81046871 0.78458004 0.77722274 0.80327375 0.81520254 0.81753706 0.81825245 0.81844841 0.81849691 0.81862912 0.81886611 0.81906565 0.81902882 0.81860738 0.81726173 0.80522761 0.74534014 0.8182479 0.82399295 0.82629753 0.82831332 0.82994707 0.83098486 0.83142844 0.83122958 0.83031001
0.81470808 0.81438728 0.81413841 0.81374527 0.81258833 0.8116034 0.81205477 0.8117482 0.80272944 0.75994941 0.70826058 0.75429208 0.75925696 0.76845348 0.80639828 0.78077619 0.77984538 0.8237649 0.82679549 0.79890886 0.83163421 0.83453253 0.83531687 0.83505955 0.83417788 0.83284289 0.83114979 0.82913175 0.82685031 0.82436833 0.82090297 0.80012305 0.78396646 0.78004321 0.80492192 0.81592029 0.81799261 0.81863924 0.81888096 0.81902694 0.81920385 0.81943781 0.81968978 0.8198909 0.81994547 0.81954737 0.81787704 0.81755621 0.82183596 0.82494153 0.8269813 0.82851814 0.82957976 0.83030308 0.8309136 0.8309754 0.83032166
0.81136602 0.81024532 0.81069153 0.81237326 0.81327909 0.81366476 0.8138335 0.81328107 0.81044563 0.80008164 0.77004864 0.75737993 0.75429809 0.75652053 0.76683217 0.80520433 0.78061545 0.82490966 0.82975029 0.83178018 0.83376146 0.83498181 0.83534629 0.83504657 0.83424013 0.83303585 0.83152717 0.82978749 0.8278555 0.82571485 0.82304327 0.81871293 0.79894006 0.78804401 0.80746196 0.81677314 0.81832211 0.8187562 0.81893617 0.81908989 0.81929688 0.81956575 0.81987833 0.82019537 0.82047852 0.82065571 0.82077248 0.82139665 0.82297883 0.82498517 0.82677129 0.82798418 0.82787698 0.82571968 0.82936158 0.83011117 0.82950583
0.8057546 0.79235102 0.79650669 0.8092741 0.81224185 0.81332022 0.8137945 0.81375327 0.81286273 0.8103861 0.80283769 0.77332806 0.75781611 0.75451936 0.75840457 0.76634248 0.78066275 0.82500654 0.83019363 0.83257064 0.83404845 0.83489558 0.83514737 0.83486833 0.83413997 0.83304476 0.8316739 0.83009403 0.82835274 0.82647203 0.82436737 0.821798 0.81814608 0.80307498 0.81233991 0.81773787 0.81842049 0.81851087 0.81857493 0.81874555 0.81901 0.8193407 0.81970964 0.82009762 0.82046992 0.82072676 0.82070598 0.82034657 0.82107947 0.82375155 0.82601765 0.82713735 0.82531106 0.79501711 0.82693116 0.82854241 0.82739343
0.79941292 0.76189248 0.77862336 0.80688993 0.81073613 0.81214228 0.81290695 0.81329489 0.8132563 0.81259317 0.8106813 0.80389549 0.7728631 0.7587414 0.763618 0.77970053 0.79166578 0.82556985 0.82995531 0.83222136 0.83363052 0.83443214 0.83469863 0.8344814 0.83384205 0.83285308 0.83159114 0.83012724 0.82852164 0.82681303 0.82501156 0.82310457 0.82106551 0.81902533 0.81835061 0.81836483 0.81800494 0.8175748 0.81751904 0.81786386 0.8183216 0.81877124 0.81921598 0.81966247 0.82006016 0.82020366 0.81927243 0.81238302 0.80337629 0.82040269 0.82493396 0.82640107 0.82500221 0.79793562 0.82196814 0.82596025 0.82203043
0.78702275 0.79794839 0.80192644 0.80658229 0.80888662 0.81024751 0.81127191 0.81200625 0.81241338 0.81240993 0.81184735 0.80996403 0.80185667 0.76537346 0.77389307 0.81488283 0.82164583 0.82630985 0.82941303 0.83148005 0.83286793 0.8336982 0.83402616 0.83389223 0.8333508 0.83246036 0.83129901 0.82992805 0.82841587 0.8268198 0.82516964 0.82351567 0.82189848 0.82043854 0.81923904 0.81810334 0.81656907 0.81466591 0.81461308 0.81610983 0.81717568 0.81785699 0.81840238 0.81891891 0.81936899 0.81953196 0.81831331 0.80520153 0.75098208 0.81848166 0.82415517 0.82585892 0.82592454 0.82302094 0.79103601 0.823254 0.81813643
0.77461412 0.79957762 0.80325049 0.80450008 0.80540289 0.80690432 0.80858417 0.80980232 0.81047384 0.81049242 0.8100649 0.80933782 0.80463186 0.77759556 0.7791716 0.81640007 0.82227957 0.82583462 0.82847442 0.83043943 0.83183777 0.83272599 0.83313321 0.83309443 0.83265346 0.83186569 0.83079135 0.82950552 0.82806681 0.82653219 0.82494646 0.82336486 0.82182395 0.82035398 0.81890556 0.81713881 0.81351871 0.79904054 0.80165512 0.81311934 0.81561954 0.81659001 0.81724432 0.81784591 0.81842148 0.81884011 0.81868652 0.81709863 0.81686372 0.82105291 0.82387934 0.82530931 0.82565999 0.82352681 0.79489706 0.81873134 0.82139042
0.79556224 0.80008296 0.80079156 0.79619796 0.7927172 0.79777024 0.80390637 0.80619891 0.80712144 0.80503628 0.80030718 0.79957322 0.80174817 0.80450251 0.78869899 0.81588012 0.82100776 0.82447897 0.8271041 0.82909967 0.83055285 0.83151004 0.83200195 0.83206002 0.83172541 0.83104174 0.83006497 0.82885401 0.82746897 0.82596544 0.82439979 0.8228037 0.82122019 0.81965734 0.81804568 0.81601565 0.81150314 0.77361238 0.78588885 0.8109306 0.81390771 0.81493274 0.81564009 0.81633829 0.81708953 0.81784672 0.81851648 0.81914351 0.82020407 0.8218644 0.82347088 0.82458924 0.8249689 0.82405793 0.82026582 0.78659971 0.82057072
0.79870395 0.79885612 0.79633833 0.77633004 0.75857097 0.77398589 0.79339421 0.79830176 0.79955963 0.79833788 0.78068237 0.77409001 0.77622274 0.80549526 0.80809626 0.80929418 0.81782023 0.82229159 0.82531491 0.82747078 0.82901525 0.8300423 0.83061018 0.83076141 0.83053658 0.82997393 0.82910681 0.82797556 0.82664111 0.82514552 0.82354811 0.82188042 0.82019087 0.81848982 0.81676461 0.81484312 0.81217093 0.80812647 0.80789452 0.81062284 0.81193655 0.81266934 0.81335371 0.8141681 0.81514823 0.81626714 0.81743555 0.81865085 0.81996612 0.8213685 0.82267991 0.82363032 0.82382154 0.82189417 0.81434446 0.78261502 0.81951358
0.79747678 0.79549382 0.78650657 0.76154827 0.74431238 0.74950643 0.77062927 0.78459247 0.7878648 0.80081695 0.79705426 0.78468194 0.76666644 0.79585321 0.7999905 0.77508939 0.80852263 0.818962 0.82308961 0.82552756 0.82716919 0.82823755 0.82883615 0.82905647 0.82896685 0.82856911 0.82784863 0.82682391 0.82553898 0.82404128 0.82237401 0.82057544 0.81868801 0.81675833 0.81482889 0.81294651 0.81112453 0.80955856 0.8087992 0.80873481 0.80883766 0.80917459 0.80984037 0.81078791 0.81213236 0.81381355 0.81553441 0.81717329 0.81873162 0.82021014 0.82151806 0.82244079 0.82241242 0.81841184 0.77943573 0.77724736 0.81514283
0.79422551 0.79066749 0.76414613 0.73953157 0.73715761 0.75077717 0.76577825 0.78223709 0.7975491 0.7999108 0.79355519 0.76702793 0.75286592 0.76012554 0.78616182 0.76054039 0.77567507 0.81515411 0.82059314 0.82330258 0.82500222 0.82600613 0.82646305 0.82664779 0.82678872 0.82671651 0.82624871 0.82537581 0.82415684 0.82263977 0.82085989 0.81882888 0.81658906 0.81421272 0.81180441 0.80958035 0.80781018 0.80649047 0.80543138 0.80430691 0.80294498 0.8027876 0.80380009 0.80462089 0.80662834 0.80993962 0.81274252 0.81496269 0.8168607 0.81855995 0.82003082 0.82108498 0.82114862 0.81695454 0.7779985 0.77589144 0.7906872
0.78849142 0.78517546 0.75545479 0.73118002 0.74186224 0.77014394 0.78709031 0.7925314 0.79635457 0.79814989 0.79704454 0.78573892 0.75030008 0.74578498 0.7481523 0.75656062 0.77866918 0.81234694 0.8179017 0.82080943 0.82248127 0.82316631 0.82275473 0.82217625 0.82326698 0.82419782 0.82421557 0.8235856 0.82246967 0.82093369 0.81897525 0.81655538 0.81365634 0.81034538 0.80673468 0.80313988 0.80121515 0.80031542 0.79900996 0.79629845 0.78553729 0.78458076 0.79203261 0.78728855 0.78900981 0.80362315 0.80884812 0.81190486 0.81429756 0.81636627 0.81816399 0.81955437 0.82011977 0.81760397 0.78812539 0.78272002 0.82015932
0.77342982 0.77837073 0.74696406 0.71929458 0.75091595 0.77834618 0.78529739 0.78874976 0.79173022 0.79446494 0.79562995 0.78881423 0.76099593 0.74723308 0.74733787 0.75881814 0.79576192 0.80519359 0.81464153 0.81803597 0.81962903 0.81967822 0.81522094 0.79883709 0.81605072 0.82081335 0.82163019 0.82136434 0.82044334 0.81890677 0.81670851 0.81365287 0.8093559 0.80376347 0.79732941 0.7822664 0.78505097 0.78895648 0.78729666 0.78352186 0.75403384 0.74609753 0.76117204 0.74865044 0.7522234 0.79570507 0.80343702 0.80734053 0.81058207 0.81330775 0.81570768 0.81767677 0.81902282 0.81934353 0.81747736 0.79519649 0.8220112
0.75836191 0.77117424 0.7373047 0.70047754 0.73731397 0.77151355 0.77286952 0.77099558 0.77475759 0.78358786 0.79234912 0.79372764 0.78803797 0.76651552 0.76602934 0.76947925 0.77506491 0.78373626 0.81161377 0.8150692 0.81654631 0.81633238 0.80932829 0.71441768 0.80965602 0.8165857 0.81803657 0.81849903 0.81802809 0.81658217 0.81412672 0.81015861 0.80264964 0.7831121 0.77923814 0.73294109 0.75798697 0.76132318 0.75360337 0.75057303 0.73756123 0.7178279 0.71189785 0.71567512 0.74533319 0.78753253 0.79286232 0.79618627 0.80424929 0.80819297 0.81214512 0.81519924 0.81739039 0.81893477 0.81995356 0.82104145 0.82301354
0.76627711 0.75692828 0.72203849 0.70299868 0.73017509 0.75086921 0.73932878 0.72430416 0.73115419 0.75857809 0.78705927 0.79256988 0.79439162 0.7952269 0.79700054 0.7995433 0.80256081 0.80601523 0.8094627 0.81174667 0.81305167 0.81325464 0.81145398 0.80775484 0.804069 0.80536149 0.80806604 0.8141905 0.81517329 0.81398064 0.81137038 0.80659735 0.79547399 0.73098726 0.7465179 0.70976698 0.72866177 0.70607451 0.69221056 0.69079694 0.70043782 0.7110656 0.71454292 0.72133844 0.74454878 0.7658392 0.76347164 0.76750695 0.79014535 0.79043124 0.80641129 0.81180249 0.81494633 0.81728546 0.81920784 0.82093688 0.82247545
