landslides_training_model/shapes/shapes_mean/decision_tree_mean_suc.tif
NCOLS 441
NROWS 451
XLLCORNER -92.213079
YLLCORNER 13.747265
DX 0.0090151111
DY 0.0090031242
NODATA_VALUE -9999
[rows 0 to 24 of 451, columns 228 to 284 of 441]
0.048556915 0.049575652 0.050957987 0.053059016 0.05689414 0.06761716 0.11113519 0.11933557 0.12913473 0.13314282 0.13568392 0.13756468 0.13905786 0.14024277 0.1405285 0.14222205 0.14355375 0.14451516 0.14516666 0.14610065 0.14719022 0.14800415 0.14874751 0.14943829 0.15008097 0.15067942 0.15123902 0.15176706 0.15227252 0.15276535 0.1532555 0.15375189 0.15426155 0.15478822 0.15532755 0.15586751 0.15640525 0.15694283 0.15747642 0.15799997 0.15851015 0.15900821 0.15950822 0.16003352 0.16053066 0.16133245 0.16269839 0.16199954 0.16367849 0.16257476 0.16490235 0.16514575 0.16303539 0.16283061 0.16287908 0.16301838 0.16322812
0.046602301 0.047686316 0.049138796 0.051292874 0.054979197 0.063432692 0.090164484 0.11505421 0.12776361 0.13247376 0.135292 0.13730356 0.13886277 0.14008446 0.14045183 0.14209003 0.14340621 0.14439384 0.14529485 0.14618332 0.14704543 0.14784254 0.14858245 0.14927187 0.14991417 0.15051273 0.15107218 0.15159906 0.15210142 0.15258854 0.15307027 0.15355635 0.15405698 0.1545853 0.15513953 0.15565203 0.15615156 0.15666973 0.15719532 0.15771895 0.15823754 0.15875669 0.1593206 0.16034958 0.16132557 0.16124697 0.16243416 0.16159291 0.16188438 0.16246215 0.16451869 0.16333773 0.16525419 0.16336084 0.16321581 0.16328303 0.16352057
0.045797679 0.046935132 0.04843318 0.050578427 0.053956027 0.059922753 0.072857691 0.11536572 0.12644829 0.131474 0.13453833 0.1366956 0.13835257 0.13969618 0.14083547 0.14192706 0.14303044 0.14405807 0.14499481 0.14591565 0.1468061 0.14762944 0.14839431 0.14910725 0.14977162 0.15039062 0.15096862 0.1515117 0.15202755 0.15252524 0.15301491 0.15350762 0.15401861 0.15460059 0.15581625 0.15578443 0.15615378 0.15666901 0.15720917 0.15775469 0.15830154 0.15885543 0.1594582 0.16050653 0.16146777 0.16111888 0.1615065 0.16188043 0.16230424 0.1627923 0.16331823 0.16398341 0.16627373 0.16455343 0.16444403 0.16435875 0.1643933
0.045391972 0.046567593 0.048094694 0.050227096 0.053460425 0.05898928 0.071687842 0.11374785 0.12512057 0.13040865 0.13366041 0.13594266 0.13768951 0.13910982 0.14027568 0.14069235 0.14229672 0.14358243 0.14428567 0.14536436 0.14650727 0.14738541 0.14819023 0.14893915 0.14963664 0.15028599 0.15089166 0.15145954 0.15199687 0.15251236 0.15301656 0.15352164 0.15404385 0.1546355 0.15580693 0.15584521 0.15624284 0.15678431 0.15735349 0.15793185 0.15851666 0.15911093 0.15972583 0.16037793 0.16098291 0.16150228 0.1620455 0.16261775 0.16322592 0.16385945 0.16450435 0.16541547 0.16824238 0.1667259 0.16899159 0.16647137 0.16575487
0.045167712 0.046370917 0.047916416 0.050045039 0.053231771 0.058669382 0.071302889 0.11246578 0.12374384 0.1292624 0.1326895 0.13507559 0.13689778 0.1383828 0.13960543 0.140089 0.14172697 0.14307519 0.14383887 0.14497676 0.14618257 0.14711582 0.14797056 0.14876507 0.14950403 0.15019112 0.15083146 0.15143146 0.15199701 0.15253446 0.15305614 0.15357614 0.15410783 0.15466697 0.15525595 0.15581907 0.15638531 0.15698144 0.15759043 0.15820652 0.15883621 0.15948258 0.16014657 0.16082639 0.16151111 0.16220247 0.16293059 0.16373668 0.16466672 0.1656911 0.16661156 0.16762584 0.17074092 0.17027134 0.17387868 0.16995984 0.16802976
0.045031451 0.046251541 0.047805401 0.049927078 0.05308829 0.05846951 0.070985409 0.11088354 0.11892242 0.12784052 0.13160202 0.13407195 0.13595434 0.13750415 0.13884668 0.14007306 0.14131739 0.14253144 0.14366096 0.14476756 0.14583383 0.14681979 0.14773417 0.14858355 0.1493717 0.15010311 0.15078486 0.15142855 0.15203556 0.15259093 0.15312717 0.15366358 0.15420936 0.15477272 0.15535742 0.1559641 0.15660644 0.15729137 0.15793558 0.15856878 0.159245 0.15995795 0.1607041 0.16148304 0.16229881 0.16316517 0.16412314 0.16527056 0.16687012 0.16923818 0.17104622 0.17103468 0.17213634 0.17711383 0.20639356 0.17713061 0.17138964
0.044937615 0.046161903 0.047710066 0.049812857 0.052940247 0.058277476 0.070792375 0.1099203 0.11810268 0.1265981 0.13036704 0.13286467 0.13478818 0.13639186 0.13780049 0.13910949 0.14046875 0.14181387 0.14308253 0.14428768 0.14542695 0.14649119 0.14747919 0.14839379 0.14923912 0.15002108 0.15075039 0.15147409 0.15238711 0.15269213 0.15322579 0.15378071 0.15434604 0.15492824 0.15553533 0.15618027 0.15692142 0.15844547 0.15856337 0.15901342 0.1597354 0.16053339 0.16139144 0.16231479 0.16331629 0.16441932 0.16571102 0.16731118 0.17028914 0.18121794 0.20184372 0.17758304 0.1804974 0.18312108 0.20934685 0.18300387 0.17608458
0.044861167 0.046075752 0.047600637 0.049661753 0.052729324 0.058007886 0.070607066 0.10938536 0.12000645 0.125395 0.12884294 0.13131296 0.13326271 0.1349144 0.13632338 0.13668555 0.13904818 0.14086073 0.14232405 0.14368402 0.14495161 0.14612448 0.14720411 0.14819602 0.14910707 0.1499456 0.15072411 0.15148937 0.15240411 0.15278112 0.15334474 0.15392602 0.1545159 0.1551227 0.15575714 0.15643534 0.15721814 0.15871448 0.15896638 0.15949371 0.16030184 0.1612109 0.16221707 0.16334914 0.16465986 0.1661155 0.16830432 0.17136665 0.17303504 0.18368666 0.20195264 0.18231305 0.18755974 0.19279387 0.22410722 0.19867472 0.18529308
0.04478362 0.045973995 0.047452921 0.049437622 0.052390225 0.057524107 0.070053201 0.10801918 0.11832363 0.1234153 0.1267083 0.12914043 0.13111442 0.13283856 0.13436636 0.13493665 0.13750628 0.13961268 0.14135086 0.14294591 0.14439966 0.14571681 0.1469095 0.14799204 0.14897765 0.14987875 0.15070825 0.15148183 0.15220389 0.15286077 0.15348526 0.15410008 0.1547184 0.1553531 0.15601696 0.15672425 0.15749591 0.15834005 0.15917307 0.1600186 0.16095041 0.16199738 0.16319482 0.16463378 0.16705331 0.16936365 0.17090287 0.1742778 0.17524338 0.17854267 0.18236006 0.1867786 0.19774801 0.23671436 0.26623227 0.24883885 0.22828314
0.044701607 0.045852725 0.047261005 0.049124215 0.051874939 0.056690907 0.068842491 0.10564569 0.11537923 0.12017329 0.12332674 0.12572331 0.12773079 0.12956773 0.13140437 0.1333532 0.13552532 0.13782946 0.1400535 0.1420385 0.14376336 0.14526917 0.1465987 0.14778556 0.14885433 0.14982406 0.1507105 0.15152767 0.15228629 0.15299324 0.15366041 0.1543085 0.15495718 0.15562249 0.1563188 0.15706071 0.15786628 0.15875726 0.15973273 0.16068888 0.16170527 0.16290563 0.16434519 0.1661327 0.16900785 0.17186525 0.17374985 0.17776013 0.18102971 0.18311772 0.18818176 0.20105192 0.24099946 0.274872 0.27843734 0.25444237 0.23041701
0.044613425 0.045712426 0.047026398 0.048720196 0.051154867 0.055345746 0.066310825 0.10081906 0.10943638 0.11378513 0.11678052 0.11916507 0.12122821 0.1231716 0.12544064 0.12836037 0.13117925 0.13470436 0.1382326 0.14093327 0.14304829 0.14479127 0.14628014 0.14758308 0.14874219 0.14978595 0.15073511 0.15160794 0.15242514 0.15318957 0.1538837 0.15455706 0.15523641 0.15593542 0.15666846 0.15745194 0.15831509 0.15936055 0.16156386 0.16178705 0.1625782 0.1639414 0.16571754 0.16800743 0.17085917 0.17415 0.17895611 0.19303297 0.20991492 0.19350072 0.20284905 0.24196328 0.27641454 0.28510821 0.28284244 0.242164 0.24192058
0.044522617 0.045561915 0.046765572 0.048256773 0.050278664 0.053454352 0.060383519 0.077812074 0.083465549 0.086837455 0.089523353 0.092075857 0.094701074 0.096976566 0.1003931 0.11366023 0.11182907 0.12689897 0.13576374 0.13967334 0.14228941 0.14430502 0.14596778 0.14739377 0.1486477 0.14976992 0.15078697 0.15172228 0.15265592 0.1538635 0.15417625 0.15484908 0.15556123 0.15629995 0.15707766 0.15790843 0.15882451 0.16000333 0.16355475 0.16288446 0.16349229 0.16508006 0.1673797 0.17084587 0.17570689 0.18015602 0.18657929 0.2096787 0.24207716 0.22437572 0.21801268 0.27168038 0.28417466 0.28879186 0.28629955 0.26529651 0.24058153
0.044437593 0.045414894 0.046507993 0.047793495 0.049403014 0.051570255 0.054626797 0.058242525 0.061270049 0.063885321 0.066416105 0.069200117 0.078867869 0.074658598 0.077467095 0.087747836 0.091656931 0.11936487 0.13330339 0.13843255 0.14155365 0.14384294 0.14567972 0.14722889 0.14857797 0.14978306 0.15087725 0.15186929 0.15285024 0.15402877 0.15446424 0.15518088 0.15593887 0.15673136 0.15758063 0.15849016 0.15941109 0.16052778 0.16274581 0.1632532 0.16435011 0.16624345 0.16924854 0.17638908 0.19654314 0.20088475 0.20458976 0.22968616 0.23790974 0.22870244 0.22632415 0.27449718 0.2726114 0.28724765 0.28529153 0.27420473 0.21441385
0.044363347 0.045282791 0.046277136 0.047386983 0.048674522 0.050212308 0.05203219 0.054038808 0.056124948 0.058843951 0.066998923 0.06357918 0.070026553 0.06813544 0.070776617 0.075905948 0.084921603 0.11627012 0.13152091 0.1373934 0.14091155 0.14343932 0.14543541 0.14710113 0.14854135 0.14983986 0.1511208 0.15205804 0.15301513 0.15392142 0.154752 0.15555917 0.15638041 0.15725779 0.15828676 0.16043678 0.16020505 0.16108025 0.16228928 0.16361421 0.16518503 0.16732326 0.17073852 0.17923123 0.2116989 0.21634127 0.21899237 0.24913631 0.2464976 0.24414495 0.25372644 0.27812573 0.27413411 0.27853883 0.25094007 0.26839353 0.20910513
0.044308333 0.04518063 0.046094868 0.047073489 0.048143722 0.049335239 0.050657508 0.052106142 0.053728048 0.056028929 0.061877309 0.059847625 0.061599322 0.064090928 0.067512121 0.072723149 0.082294569 0.11477895 0.13035609 0.13661528 0.14040328 0.14311794 0.14525037 0.14702253 0.14855132 0.14992878 0.15126307 0.15227401 0.15327583 0.15422466 0.15512729 0.1560077 0.15690448 0.15794615 0.16027086 0.16098828 0.16089518 0.16176546 0.16296063 0.16436918 0.16607484 0.16830679 0.17160927 0.17770162 0.19647312 0.20390258 0.21072523 0.23096177 0.24549018 0.26117814 0.25324529 0.28025629 0.277587 0.24398824 0.22207762 0.26374472 0.2356629
0.04427688 0.045114584 0.045970077 0.046857003 0.047789846 0.048787691 0.049863589 0.051037635 0.052355875 0.053907533 0.055653827 0.057364715 0.059428753 0.062103929 0.06571871 0.071087517 0.080929428 0.11408285 0.12963249 0.13607877 0.14003787 0.14289028 0.14513416 0.14700042 0.14861336 0.15005121 0.15135381 0.15252406 0.15360031 0.15461544 0.15559255 0.1565553 0.15754392 0.15866194 0.16056306 0.16065458 0.16148969 0.16256091 0.16382159 0.1652967 0.16707468 0.16933198 0.17241574 0.17709844 0.18461531 0.19680807 0.21852755 0.23009626 0.23781066 0.25420952 0.23737611 0.27822023 0.2753797 0.24901374 0.24089736 0.2288384 0.22035688
0.044272299 0.045086217 0.045902841 0.046730687 0.047579168 0.048465513 0.04940699 0.050431606 0.051582492 0.052910824 0.054454694 0.056235155 0.058354617 0.061051063 0.064706529 0.070144192 0.080132904 0.11382448 0.12921273 0.13574206 0.13980662 0.1427577 0.14509017 0.14703714 0.14872608 0.15023851 0.15161269 0.15284867 0.1539946 0.15509234 0.1561819 0.15728734 0.15847719 0.16077081 0.16045947 0.16130327 0.16234134 0.16352253 0.16485994 0.16640717 0.16828125 0.17066058 0.17364309 0.17807421 0.18835073 0.21669696 0.24502502 0.25193784 0.24339199 0.24110613 0.25609563 0.27694902 0.27005645 0.23601099 0.22389922 0.19767793 0.195689
0.044295381 0.045096495 0.04589042 0.046683142 0.04748269 0.048306134 0.049173089 0.050117537 0.05119131 0.052476687 0.054098397 0.056027998 0.058013202 0.060596044 0.06419651 0.06960488 0.079635622 0.113807 0.12899621 0.13556272 0.13969414 0.14271593 0.14511862 0.1471345 0.14889402 0.15052266 0.15211659 0.15325873 0.15446749 0.15568128 0.15704789 0.15938072 0.16084924 0.16149706 0.16138227 0.16228772 0.16343938 0.16472267 0.16614097 0.16776502 0.16983126 0.17437151 0.17596866 0.17964187 0.19002003 0.22538347 0.23817727 0.22876782 0.22297944 0.22883471 0.26728773 0.27208441 0.2582855 0.20744293 0.19769614 0.19105879 0.18951404
0.044343603 0.045140789 0.045925204 0.046699717 0.047474242 0.048263948 0.049091553 0.049994279 0.051039002 0.052364181 0.05457471 0.062084528 0.058577348 0.060796031 0.064152126 0.06933894 0.07920843 0.11377353 0.1288661 0.13550466 0.13968677 0.14276003 0.14521874 0.1472943 0.14912441 0.15084199 0.15248645 0.1537211 0.1550178 0.15647971 0.15875501 0.15999674 0.16143818 0.16313913 0.16250944 0.16354523 0.16486217 0.1662873 0.16778776 0.16945721 0.17157745 0.17577423 0.17795805 0.18156256 0.18900659 0.20879679 0.21264151 0.20373971 0.20509811 0.21666725 0.23793256 0.2431635 0.22556379 0.20541974 0.22428978 0.1983461 0.18663581
0.044418469 0.045219284 0.046003468 0.046774712 0.047540403 0.048315271 0.049124059 0.050006607 0.051038283 0.052379656 0.054654958 0.060349254 0.059235972 0.06774963 0.064918243 0.069339373 0.078648838 0.11014794 0.12846164 0.13554829 0.13977333 0.14288422 0.14538954 0.14751712 0.14941705 0.1512772 0.15279782 0.15425736 0.15563541 0.15715368 0.15909513 0.159809 0.16123397 0.16356532 0.16381714 0.16516278 0.16683477 0.16855101 0.17008679 0.17167459 0.17367186 0.17645291 0.18257758 0.18573301 0.19581721 0.21698508 0.21413707 0.20501422 0.21028924 0.2239051 0.23107953 0.21209776 0.20282312 0.20145832 0.21911981 0.22838208 0.19224144
0.044517355 0.045329347 0.046121611 0.046899203 0.047668137 0.048441148 0.049244246 0.050117509 0.05113329 0.052457923 0.054796067 0.06252265 0.059191189 0.065258446 0.065033118 0.069830129 0.079145815 0.11214997 0.12881473 0.13573188 0.13994705 0.14308305 0.14563141 0.14781607 0.14979526 0.15170727 0.15344912 0.15527516 0.15634662 0.15776328 0.15920559 0.16061386 0.16209866 0.16371368 0.16541149 0.16733485 0.17000654 0.17296608 0.17386725 0.17475644 0.17657833 0.17935822 0.18515948 0.19020468 0.21734998 0.22628446 0.2221265 0.23027297 0.24501751 0.24434643 0.22693365 0.21541495 0.225092 0.1991325 0.1971617 0.20937828 0.19068675
0.044639822 0.045468198 0.046276743 0.047068157 0.047848744 0.048630274 0.049436203 0.050305314 0.0512995 0.052558962 0.054650473 0.059812997 0.058464952 0.060827124 0.064937826 0.077943056 0.081196506 0.11571774 0.12962966 0.13602305 0.14019399 0.14334872 0.14593962 0.14818401 0.15021076 0.15209871 0.15399799 0.15587107 0.15711953 0.15862313 0.16016507 0.16174372 0.16342761 0.16551334 0.16993096 0.17023191 0.17580597 0.20761205 0.18151644 0.17903191 0.18066452 0.18356449 0.18770109 0.19349214 0.21215321 0.21481139 0.23402327 0.26232739 0.27136238 0.25325024 0.22872092 0.23933195 0.23047665 0.22422982 0.19355503 0.18765152 0.18422046
0.044785491 0.045635195 0.046466621 0.047278925 0.04807939 0.048877299 0.049694436 0.050564062 0.051535425 0.052695018 0.054164637 0.055935823 0.057880806 0.060550259 0.06480774 0.075049643 0.081462176 0.11652037 0.13007038 0.13634474 0.1404972 0.14367306 0.14630664 0.14860836 0.15069551 0.15264148 0.15449979 0.15627764 0.1579695 0.15965353 0.16136898 0.16315122 0.16507805 0.16745324 0.17146978 0.17307318 0.17905311 0.20080722 0.18622225 0.18478343 0.18685351 0.19072483 0.20109595 0.20284679 0.20567493 0.21285005 0.24675568 0.27286936 0.27747075 0.26809437 0.25840703 0.26142777 0.2397845 0.21996173 0.19608921 0.18876578 0.1837614
0.044951577 0.045828032 0.046687135 0.047527551 0.048354676 0.049176819 0.0500126 0.050889926 0.051849955 0.052954675 0.054273336 0.05588149 0.057900556 0.060598146 0.064444427 0.070261117 0.080658626 0.1169728 0.1304445 0.13669673 0.14085111 0.14405061 0.14672859 0.14909262 0.15125185 0.15327771 0.15522147 0.1571154 0.15898644 0.16087333 0.16281959 0.16487444 0.16710674 0.16962613 0.17256047 0.17622493 0.18172392 0.18857787 0.19267192 0.19547447 0.19824934 0.20317342 0.23928414 0.24438908 0.22530931 0.2385622 0.24790376 0.25314135 0.26763476 0.26888663 0.25882536 0.26426918 0.23865433 0.21702085 0.22792763 0.22117328 0.19126052
0.045140374 0.046048305 0.04694148 0.047816625 0.048678496 0.049532818 0.050396646 0.051292136 0.052258225 0.053345829 0.054626754 0.056195975 0.058201455 0.060879541 0.064632773 0.070284758 0.080817755 0.11756919 0.13087406 0.13709934 0.14125621 0.14447539 0.14719677 0.14964302 0.1518864 0.15400784 0.15607222 0.15812136 0.16019166 0.16232522 0.16458086 0.1670318 0.16976 0.17283978 0.17634293 0.18096816 0.19065415 0.23143935 0.24051554 0.24514437 0.24697504 0.23226255 0.25433417 0.27583161 0.26571625 0.26256956 0.26374333 0.26449768 0.27510288 0.27494885 0.25655481 0.23933324 0.2184007 0.21170527 0.21845758 0.21175057 0.18965606
