landslides_training_model/shapes/shapes_mean/logistic_regression_mean_suc.tif
NCOLS 441
NROWS 451
XLLCORNER -92.213079
YLLCORNER 13.747265
DX 0.0090151111
DY 0.0090031242
NODATA_VALUE -9999
[rows 300 to 324 of 451, columns 228 to 284 of 441]
0.55548017 0.55841394 0.580829 0.61149023 0.6239785 0.63312739 0.63570277 0.64990034 0.6762969 0.68599894 0.71086615 0.70584622 0.65175528 0.65329499 0.65492702 0.6109974 0.65721197 0.62499637 0.60319967 0.63889913 0.60519647 0.63075422 0.64072556 0.63188155 0.63045499 0.62356278 0.62599137 0.63841699 0.64145163 0.62607883 0.62520052 0.64329815 0.63499139 0.6265629 0.62434849 0.61913855 0.60336609 0.56366937 0.59322396 0.6147094 0.55662735 0.60516626 0.69653276 0.63105275 0.60336716 0.62914851 0.63525511 0.64841877 0.67583229 0.622402 0.63524992 0.61785722 0.56964343 0.6008525 0.59057328 0.5762053 0.576897
0.56861896 0.57627098 0.57910337 0.56477722 0.62074586 0.65638455 0.65835272 0.65855763 0.67826496 0.67451167 0.6841835 0.71012904 0.71118161 0.64234459 0.65100481 0.67315544 0.64144214 0.6375165 0.65453004 0.64267786 0.62893526 0.62969675 0.63178026 0.62644685 0.62664077 0.62823216 0.63287616 0.64847381 0.65400435 0.64800675 0.64585397 0.64860964 0.64951939 0.64663723 0.63450601 0.63767221 0.60726376 0.6199616 0.60971463 0.5990754 0.60405463 0.531636 0.56459399 0.56761218 0.62008187 0.62369299 0.63053529 0.62091083 0.62043351 0.60582684 0.59638419 0.60185244 0.58725983 0.60288877 0.58312161 0.57245641 0.56908949
0.55896311 0.56783506 0.56984745 0.58692309 0.60050903 0.62145182 0.65440983 0.6289679 0.64767299 0.69776415 0.69006198 0.73130742 0.69049264 0.60008346 0.64944385 0.63522717 0.65780098 0.63450049 0.64463195 0.63505578 0.62025168 0.61574268 0.61770368 0.62613324 0.6254343 0.63108688 0.63656153 0.64956551 0.65727834 0.66048829 0.65890226 0.65266878 0.64868073 0.64952783 0.65129145 0.64124434 0.63277734 0.5925206 0.6197753 0.61676979 0.59304958 0.56343687 0.49617305 0.57901075 0.56914267 0.65995927 0.63164838 0.62696988 0.65782084 0.56074394 0.55317366 0.54659422 0.56929018 0.55888668 0.56400566 0.55859619 0.55390869
0.55219159 0.55304502 0.5627985 0.58690445 0.59307403 0.62360468 0.61127466 0.61854282 0.64175027 0.69023545 0.69041581 0.70217728 0.66658433 0.68710816 0.62949595 0.6848838 0.65717386 0.66123257 0.67391339 0.65537747 0.64036801 0.62338469 0.62111802 0.59062941 0.61662104 0.63062311 0.64342002 0.63982171 0.64102323 0.64929533 0.64911177 0.6413022 0.64041258 0.64628164 0.65740459 0.6644506 0.65576592 0.64126077 0.61477057 0.62179379 0.6178691 0.54463503 0.54925642 0.54939303 0.58906207 0.60794591 0.62691761 0.57526281 0.55602987 0.52083929 0.51349047 0.53078592 0.52383992 0.57220165 0.56222578 0.53983366 0.55726229
0.55519744 0.56751187 0.57000912 0.58794689 0.60950841 0.62056567 0.63323575 0.64175569 0.64899009 0.65830688 0.67285418 0.6442929 0.65657444 0.6738736 0.65117636 0.70915965 0.68354103 0.68947974 0.67938536 0.66673506 0.64112696 0.61449813 0.60651407 0.61818727 0.58407442 0.62063715 0.62864033 0.63065587 0.62633917 0.63295831 0.63605896 0.62329553 0.61433896 0.62476039 0.63689987 0.63861443 0.64936908 0.65919838 0.64813143 0.62727647 0.6324775 0.60027902 0.60464873 0.53050938 0.56376782 0.56815498 0.57422667 0.60403591 0.52055009 0.50558474 0.48816707 0.53313029 0.52909003 0.63295668 0.52904272 0.53429968 0.52494924
0.55548797 0.56385308 0.58223603 0.60826623 0.62881471 0.6176302 0.60703548 0.60954063 0.63235048 0.6458854 0.64619337 0.6357641 0.65416768 0.64703211 0.66511473 0.66024955 0.6440714 0.6442861 0.6637273 0.66404188 0.63451511 0.59232934 0.59947869 0.57262733 0.58830523 0.59465523 0.60772946 0.60725652 0.60348174 0.60374874 0.60735526 0.60388199 0.59765593 0.60262317 0.61488021 0.61687123 0.61838343 0.62170719 0.63427973 0.63964175 0.61879396 0.60568885 0.6144846 0.60506876 0.56357029 0.52656941 0.58646104 0.5782733 0.5497943 0.49783859 0.5211679 0.559609 0.5138708 0.52313588 0.53596031 0.48315933 0.50474186
0.56231206 0.57570343 0.5831861 0.60449543 0.60813088 0.59714512 0.61887016 0.6240859 0.64189004 0.64643211 0.65748381 0.63472051 0.67238096 0.67300874 0.68309788 0.65173737 0.62069346 0.61743285 0.59070336 0.61630109 0.60671808 0.58088135 0.55854143 0.57984087 0.56749176 0.59294645 0.59212955 0.58416599 0.57450682 0.5774445 0.57714443 0.56877336 0.56972915 0.5821115 0.59016328 0.59524896 0.59015947 0.59247756 0.61698401 0.62380615 0.60657906 0.54037144 0.57006792 0.54862721 0.53584947 0.5258532 0.56355723 0.51910425 0.50806951 0.49295263 0.48902572 0.50550757 0.4798444 0.50969532 0.46973146 0.45909624 0.46740476
0.55946269 0.57050444 0.58834083 0.6048297 0.613576 0.61629329 0.60827063 0.62358715 0.63747833 0.64060298 0.64308959 0.63125648 0.67078235 0.65324308 0.67474316 0.67811446 0.64980162 0.58300479 0.58323196 0.58090425 0.56222656 0.53606525 0.55634544 0.5187529 0.5344515 0.5588324 0.56898115 0.57291372 0.5608566 0.5545804 0.56407892 0.56365904 0.55542641 0.5573018 0.56781217 0.57869872 0.5803143 0.59177667 0.59631794 0.63780534 0.56936607 0.55360115 0.55459643 0.5862591 0.57545195 0.51590806 0.52898751 0.52230882 0.53760017 0.55132652 0.53242905 0.53019052 0.47168128 0.41795749 0.46138974 0.41313005 0.4335072
0.55206265 0.56962197 0.58596862 0.60298662 0.60109167 0.60341512 0.61128312 0.61699597 0.62150557 0.62958901 0.61042224 0.61160182 0.61874375 0.642986 0.66505167 0.66953692 0.59368309 0.56143571 0.5348686 0.57278314 0.58543547 0.52164079 0.50433793 0.50787767 0.50894661 0.52292556 0.54565801 0.55102461 0.5426786 0.54734588 0.54700255 0.54099664 0.53785996 0.53819934 0.54348179 0.55762995 0.56168908 0.56741285 0.55929386 0.58253586 0.52475436 0.53694086 0.5626825 0.57080721 0.56136991 0.50526142 0.500452 0.47820598 0.464788 0.46604021 0.45007851 0.36757412 0.4240578 0.37936323 0.3788398 0.41710043 0.39868447
0.53881922 0.56128166 0.57325426 0.57662587 0.58182254 0.58492112 0.60620563 0.59040472 0.59532352 0.58639214 0.58929616 0.59301394 0.62802411 0.66176582 0.60191682 0.64499899 0.59779039 0.54790122 0.51177781 0.5094737 0.52059823 0.47733974 0.4941183 0.47746953 0.50310211 0.51281861 0.54859303 0.54896528 0.5356853 0.51890878 0.5122301 0.50837346 0.50187418 0.5049484 0.51489247 0.52164853 0.53945556 0.53441604 0.53388777 0.50935083 0.49104066 0.53151008 0.54098514 0.56710147 0.59753539 0.51777104 0.47229427 0.47892535 0.46204092 0.37645463 0.35333533 0.34366241 0.3738506 0.41172161 0.38331127 0.4092642 0.41019273
0.53476404 0.53482886 0.54175999 0.54294449 0.53459188 0.56257369 0.57346891 0.57134131 0.56958062 0.5635755 0.55981161 0.54915652 0.56389275 0.61431767 0.6307657 0.64725786 0.59947564 0.50703288 0.51357256 0.45966413 0.47219258 0.46798945 0.4581698 0.4598153 0.50310414 0.50426204 0.52841221 0.5360827 0.52252858 0.51157453 0.50038567 0.48913031 0.47519532 0.47588206 0.48637001 0.4871628 0.49545167 0.49109028 0.50407799 0.48690061 0.48609599 0.5407106 0.51217671 0.49328264 0.5218823 0.49057604 0.44233485 0.3602129 0.42852816 0.37270421 0.36713554 0.40847635 0.40914395 0.40806846 0.40515831 0.40335572 0.40078625
0.51493059 0.51089441 0.51987876 0.52948333 0.54355688 0.54470363 0.54208682 0.55198001 0.51939887 0.52214434 0.53080169 0.56340498 0.57190154 0.55585658 0.57738038 0.58435194 0.52843781 0.44243049 0.44709187 0.40416688 0.46410685 0.44528915 0.43942681 0.44438256 0.44829654 0.46692216 0.51401878 0.51724908 0.50721217 0.47822649 0.468168 0.46248935 0.46055229 0.45726798 0.45490175 0.46714836 0.47134188 0.45995927 0.48317809 0.46080219 0.4523074 0.48935022 0.47314591 0.47741617 0.43261527 0.38907153 0.42959434 0.42642465 0.4224675 0.41566078 0.40963183 0.40562126 0.40134912 0.39725442 0.39397956 0.39145631 0.38846216
0.48820898 0.49815756 0.52229184 0.53354643 0.52708198 0.52431594 0.53330985 0.52365571 0.5008567 0.49749924 0.50113588 0.57008699 0.54221078 0.54047768 0.51726569 0.53452138 0.55420161 0.50318704 0.39950592 0.49294105 0.45010099 0.41287935 0.41478635 0.43611928 0.4630397 0.47212588 0.48601984 0.47983609 0.46916651 0.45090412 0.44029893 0.45271387 0.45196065 0.43520927 0.43400904 0.46523304 0.483526 0.44136721 0.45931248 0.46834284 0.42332611 0.41817515 0.40919733 0.42202498 0.39557209 0.35772579 0.41525749 0.41778981 0.41454854 0.40912861 0.4022596 0.39382105 0.3845224 0.37750066 0.37381561 0.37292576 0.37295789
0.47789078 0.48304089 0.49000082 0.50531543 0.52111034 0.51645564 0.50756176 0.50081888 0.47899477 0.47823204 0.51988238 0.51847426 0.51168159 0.52052648 0.51349304 0.51811746 0.5108416 0.55157007 0.54251748 0.47716751 0.4545054 0.43820613 0.41333141 0.45717675 0.49657703 0.48820323 0.48838883 0.47696422 0.45895041 0.4327211 0.42649063 0.4253814 0.42120187 0.40660888 0.40574777 0.43356082 0.43918654 0.41370629 0.43112906 0.42671512 0.42188822 0.39878691 0.38644244 0.4033035 0.33984083 0.35586564 0.405341 0.40825494 0.40528057 0.39935007 0.39013472 0.37381895 0.3444022 0.3315307 0.32844228 0.33191623 0.35038493
0.46485437 0.46989176 0.47554578 0.48250348 0.49265015 0.49049022 0.48539436 0.47881502 0.47215368 0.46491953 0.48061392 0.50027959 0.49336715 0.4729237 0.47559803 0.41725025 0.43292757 0.46261474 0.49201497 0.46516734 0.42622242 0.41690508 0.42939162 0.45046813 0.50739374 0.46307708 0.4559735 0.45746141 0.43988304 0.41797607 0.41686066 0.4104869 0.40978719 0.41114857 0.39912151 0.38717789 0.3858545 0.37964428 0.38742285 0.38117482 0.38668367 0.39321759 0.36438409 0.30457408 0.28272889 0.38911329 0.39876315 0.39948486 0.39579505 0.38863355 0.37665915 0.35034358 0.19562745 0.19138465 0.20251451 0.21290297 0.32450586
0.4486658 0.44703039 0.44885722 0.45375743 0.460957 0.45793981 0.45663842 0.46085909 0.46033849 0.45707882 0.46849697 0.45924191 0.46044618 0.46787933 0.46081464 0.44035625 0.38584496 0.40411841 0.4428013 0.43363338 0.44263885 0.42760283 0.43392386 0.4154125 0.41943521 0.4433051 0.43675469 0.4195277 0.40771259 0.39668484 0.39072835 0.38694122 0.38532128 0.3849525 0.38724956 0.37525181 0.35091285 0.34398448 0.35815318 0.36243558 0.34781738 0.33534274 0.3303536 0.36544878 0.37099123 0.38643932 0.39186916 0.39106742 0.38613066 0.37681774 0.3622021 0.33489068 0.19014834 0.18896824 0.20272259 0.22400089 0.31477064
0.44171987 0.444567 0.4443009 0.44119931 0.43881936 0.43130929 0.42586336 0.43537103 0.42828614 0.4284598 0.42824099 0.42323073 0.4480028 0.48741434 0.47614032 0.46140064 0.42337004 0.38086492 0.41219024 0.44631865 0.42998933 0.41221361 0.39414179 0.40884003 0.38454696 0.39934896 0.43006553 0.39124949 0.37298791 0.36844912 0.38024962 0.37596537 0.37352691 0.36386383 0.36535434 0.36711494 0.35606796 0.36109031 0.36315703 0.34940175 0.37229007 0.35976498 0.32951414 0.32501517 0.32123769 0.3801972 0.38461103 0.38263882 0.37609239 0.36096529 0.33218789 0.31230158 0.18771337 0.20485021 0.25456919 0.28112388 0.28863485
0.41729433 0.42058118 0.42159061 0.41867451 0.41944417 0.41712632 0.4004474 0.39905785 0.42027492 0.43225552 0.4209666 0.41618182 0.42392808 0.45825827 0.41574591 0.4293159 0.42631747 0.3494541 0.3818643 0.35802208 0.3451876 0.39289465 0.35348721 0.35046684 0.37033112 0.37521016 0.3771727 0.35940012 0.36840098 0.36013029 0.36187256 0.36197471 0.36211378 0.35186101 0.34805744 0.35954564 0.35876591 0.34587382 0.35130978 0.36210157 0.36561284 0.33179603 0.34327217 0.29367527 0.36816577 0.37601392 0.37675752 0.37372443 0.36629438 0.34578799 0.19808319 0.19690037 0.26336499 0.31255883 0.26654416 0.28075588 0.29479371
0.39874277 0.40073775 0.3959023 0.38963883 0.3941853 0.39317692 0.38384282 0.37748458 0.41140111 0.38789663 0.40356594 0.40358065 0.39072844 0.49573773 0.371442 0.3259204 0.32113095 0.33365849 0.36841487 0.32607423 0.37438529 0.37820765 0.32819887 0.34517611 0.34976123 0.34403595 0.34095216 0.33940612 0.33443992 0.32087025 0.31154183 0.32869609 0.34114432 0.33056531 0.32532568 0.34611607 0.35952423 0.35559884 0.37261447 0.37473846 0.37321442 0.36951393 0.36689819 0.36533728 0.36835233 0.36824012 0.36590447 0.36261251 0.35590211 0.34080751 0.31340398 0.24294243 0.27219321 0.31927518 0.28644333 0.28337995 0.28576287
0.41556873 0.41302795 0.40462145 0.39617751 0.39783914 0.39537573 0.37577492 0.36439297 0.36699176 0.34844205 0.35215389 0.35838516 0.33051544 0.38174331 0.33656512 0.35729947 0.34287148 0.27033897 0.29867201 0.32514359 0.32585563 0.36159412 0.31329937 0.32105763 0.31621527 0.27830704 0.31879404 0.29844121 0.32570117 0.3515798 0.31539878 0.31418888 0.31999756 0.32230751 0.33365557 0.35376072 0.36890039 0.37020308 0.37036978 0.36913167 0.36759699 0.36561962 0.3637089 0.36172036 0.35900992 0.35162212 0.34055754 0.34450131 0.33715188 0.32667044 0.22660803 0.24359419 0.2919954 0.28528935 0.27367907 0.27944372 0.27803713
0.40773482 0.40311347 0.38266941 0.3634107 0.36896275 0.39555548 0.38360198 0.36315351 0.35742815 0.32176623 0.31093643 0.31239649 0.37665843 0.37576956 0.35524555 0.26426266 0.22606667 0.22370103 0.22326564 0.25957741 0.30981366 0.3458786 0.26199165 0.26438416 0.26097022 0.26718295 0.28001779 0.29572543 0.34816877 0.36021542 0.31395734 0.32762332 0.33582665 0.35001556 0.36105491 0.36448204 0.36521354 0.36269051 0.3543268 0.34784692 0.34795684 0.34482819 0.34349602 0.34087806 0.33420434 0.32501614 0.25853635 0.31348626 0.28176766 0.30707517 0.24934015 0.24544061 0.25107969 0.28133773 0.26948443 0.29403416 0.29871125
0.38997967 0.38234288 0.37361196 0.36650345 0.37101165 0.38878286 0.38486464 0.37933379 0.37401218 0.36843886 0.36584853 0.36631584 0.36682002 0.3567929 0.32973107 0.25429064 0.22315674 0.21586365 0.30995149 0.31449155 0.23671491 0.32223937 0.32478374 0.29331175 0.32152753 0.32429597 0.29930004 0.33268358 0.35470011 0.36369043 0.36009855 0.35732159 0.3578273 0.35991015 0.36077091 0.35437005 0.34662891 0.33968816 0.32262827 0.30857372 0.31743061 0.30784543 0.30519173 0.30756353 0.27709422 0.29579441 0.25773726 0.2367202 0.23442942 0.21809947 0.25370838 0.24698847 0.27562962 0.28187809 0.29273945 0.33074953 0.30470314
0.3812932 0.38282738 0.38537059 0.38320302 0.37966136 0.36997453 0.3584927 0.35419791 0.34934597 0.34506527 0.34315878 0.33981007 0.33746948 0.32470029 0.25629363 0.23246304 0.21221933 0.2099604 0.21607849 0.21031404 0.23125687 0.22824211 0.24511287 0.22303107 0.24056433 0.24918881 0.25758033 0.28392312 0.34908581 0.36072147 0.35085989 0.34353424 0.34121985 0.34451184 0.34644284 0.32875217 0.31583819 0.30532191 0.30076815 0.30969177 0.31141166 0.31226124 0.31215134 0.31727801 0.32132971 0.29018702 0.29449735 0.22319071 0.30217535 0.27371743 0.25765298 0.28434759 0.27128138 0.28943371 0.30754625 0.36683392 0.34066924
0.38951671 0.38212073 0.37085146 0.35971031 0.35442343 0.33254304 0.30716286 0.30402014 0.29654851 0.28386175 0.28486524 0.2711797 0.27073252 0.27043063 0.23943472 0.24681488 0.23088972 0.22606089 0.23892617 0.21004262 0.22175931 0.21263366 0.21491399 0.23828038 0.33028136 0.34260773 0.34806922 0.35194468 0.35087239 0.34952265 0.30881402 0.30053117 0.29845612 0.31455518 0.32503423 0.32091164 0.32308206 0.31802315 0.30734787 0.31067555 0.31742144 0.32046799 0.32087496 0.33206295 0.30436777 0.28158316 0.24234254 0.23437121 0.25850416 0.26635208 0.28547192 0.30413071 0.28600299 0.28981 0.38371064 0.33450411 0.32941693
0.37748122 0.36196383 0.32540284 0.31057028 0.31035848 0.30828677 0.30288043 0.297581 0.29919752 0.28100631 0.27327873 0.27249543 0.26904734 0.27414955 0.24714109 0.26011342 0.26876382 0.28808129 0.26977021 0.26200039 0.25214454 0.25030678 0.32417439 0.32214582 0.32718073 0.33521234 0.35064348 0.35019952 0.31482073 0.32257891 0.32904199 0.3259881 0.32995779 0.33229751 0.33699647 0.33024788 0.31966149 0.31352946 0.30905843 0.30578056 0.30661554 0.30997955 0.31419103 0.32155855 0.30533499 0.26622513 0.23875696 0.28388156 0.28577158 0.30217023 0.30738166 0.41276369 0.32054669 0.3153405 0.39833891 0.33365448 0.31935489
