landslides_training_model/shapes/shapes_mean/logistic_regression_mean_suc.tif
NCOLS 441
NROWS 451
XLLCORNER -92.213079
YLLCORNER 13.747265
DX 0.0090151111
DY 0.0090031242
NODATA_VALUE -9999
[rows 125 to 149 of 451, columns 228 to 284 of 441]
0.072073993 0.072520515 0.074319124 0.074687234 0.074427883 0.074190635 0.074421333 0.075265507 0.074560026 0.074758833 0.073538559 0.07409229 0.072227345 0.069549359 0.070647496 0.066879562 0.065719888 0.065984632 0.064602915 0.075613572 0.074815461 0.069981788 0.071553719 0.075040366 0.077682672 0.078503773 0.08027929 0.084026184 0.088722552 0.091123369 0.092067266 0.091631343 0.090913156 0.093248645 0.094445641 0.092307814 0.088991136 0.093026492 0.075143286 0.071858738 0.073153152 0.069827312 0.070158269 0.069077858 0.06994819 0.071458284 0.074821203 0.080797579 0.083412358 0.088285671 0.099899952 0.11423432 0.15056014 0.16460591 0.17407731 0.17088775 0.16699075
0.070494644 0.071734917 0.072587264 0.073085958 0.073484641 0.073710758 0.074021403 0.07488255 0.075362938 0.074299386 0.073143851 0.073679519 0.073497408 0.069670992 0.070470144 0.066718125 0.065131527 0.06452769 0.062277818 0.065959098 0.067077168 0.069744308 0.070682119 0.078852693 0.081026762 0.081800279 0.086444076 0.087797034 0.086939009 0.087306112 0.092210515 0.093579178 0.089864343 0.08970748 0.088637632 0.086161858 0.084192053 0.079114688 0.075417383 0.071977515 0.07119169 0.069858133 0.068470889 0.070793744 0.070398222 0.072221094 0.074894689 0.079203549 0.084975948 0.086078486 0.098393041 0.13780935 0.1475355 0.16188034 0.16622458 0.15795492 0.14556885
0.069992982 0.070934915 0.072664151 0.073192168 0.075114739 0.076726361 0.076881678 0.076909152 0.076901442 0.076976946 0.077245396 0.077419301 0.078781764 0.075845314 0.078625123 0.078719939 0.076523718 0.070539951 0.069926089 0.069568867 0.069860283 0.075570543 0.075150988 0.079031912 0.081788668 0.08197602 0.085820783 0.086337454 0.085908539 0.086708838 0.089146258 0.090574246 0.090729919 0.090535789 0.088506161 0.086238846 0.083616753 0.07907647 0.07829181 0.07397958 0.074123824 0.070082626 0.069995675 0.067915781 0.071097171 0.074031501 0.075669887 0.094252618 0.088030333 0.091184214 0.10025593 0.11368763 0.1196167 0.1307047 0.13908627 0.13290699 0.12685325
0.070270813 0.074400635 0.075139398 0.075601999 0.076273045 0.07698202 0.079042595 0.080691467 0.079002342 0.079717179 0.079269678 0.077806383 0.080330804 0.087111188 0.081771008 0.079927982 0.073755821 0.075438298 0.069876295 0.073086706 0.070487213 0.07160047 0.07473835 0.07827133 0.080022968 0.080961469 0.083103213 0.085613721 0.08674073 0.090885548 0.092913903 0.092785531 0.097290993 0.10280133 0.096715789 0.087902328 0.088846497 0.081799681 0.096122855 0.09661348 0.0954959 0.073483011 0.071552156 0.069655587 0.070456097 0.099053836 0.083262787 0.094577107 0.097866019 0.10126042 0.102514 0.10399466 0.10741114 0.11281741 0.11803881 0.11831545 0.11940922
0.071686828 0.074726675 0.076966453 0.078922269 0.079990404 0.080086821 0.081060461 0.081563536 0.07984452 0.079312347 0.078259875 0.077702812 0.077216991 0.07610006 0.077844133 0.077468607 0.076039168 0.069772548 0.069180676 0.07011858 0.070146886 0.076456157 0.075112988 0.078419456 0.07908228 0.078394194 0.080595 0.085723831 0.089629035 0.09261486 0.094391867 0.097823941 0.10096106 0.099204241 0.095760195 0.093611995 0.095249528 0.097052008 0.082707632 0.082124958 0.087282376 0.092020849 0.0943356 0.076351262 0.078748706 0.089867879 0.095797076 0.097073285 0.10193362 0.099921698 0.11201816 0.10227726 0.10449277 0.10430571 0.10648568 0.11177361 0.11240676
0.070575016 0.073709304 0.074612822 0.076200641 0.077594466 0.077712227 0.077509039 0.077910631 0.07902829 0.080805875 0.082732838 0.082027323 0.078283327 0.086651945 0.077832817 0.088399161 0.075072822 0.072248121 0.073810921 0.088020141 0.070631626 0.076139187 0.076559876 0.075770541 0.081438106 0.083269416 0.086224805 0.092061284 0.094451907 0.096533553 0.097033392 0.097608005 0.09791649 0.096932597 0.095996985 0.095449938 0.094999642 0.094252584 0.09994037 0.093368468 0.095078634 0.10143889 0.092642682 0.090436106 0.094081712 0.090932519 0.10951564 0.10346243 0.097699465 0.10308857 0.10722324 0.099194341 0.10048443 0.10159657 0.10542905 0.11109781 0.11119393
0.069206015 0.070976158 0.072781526 0.074673199 0.075205928 0.07543363 0.074718494 0.074970245 0.077474301 0.07754346 0.073599676 0.074814364 0.081136119 0.082804212 0.087629775 0.075024125 0.087935162 0.067941121 0.06170779 0.062973384 0.065024099 0.074851717 0.079168017 0.080326248 0.08352815 0.087077564 0.096251216 0.1059864 0.10712251 0.1012659 0.098692541 0.1018 0.10515223 0.10185199 0.097613777 0.097315182 0.095006544 0.094758846 0.095501705 0.094980017 0.10138023 0.095888109 0.095554092 0.091600831 0.091075628 0.093977023 0.10212282 0.11334056 0.098980332 0.10210064 0.1050767 0.10155079 0.10085705 0.10186145 0.10493591 0.11146904 0.11596125
0.068619462 0.066858264 0.068635271 0.069977228 0.070467773 0.070860981 0.071282966 0.071879196 0.072459708 0.072109762 0.071609122 0.072110566 0.072070923 0.072847551 0.069898279 0.086003603 0.066743959 0.086951042 0.062441581 0.063796541 0.072494802 0.096577983 0.10251495 0.094669264 0.095264968 0.10592335 0.10851749 0.11472324 0.11175621 0.10785318 0.10261162 0.10075344 0.10443209 0.10414972 0.09884015 0.097522906 0.097172823 0.096976956 0.096412253 0.094646262 0.098088059 0.098484925 0.094666705 0.095822564 0.095535646 0.097060926 0.1133163 0.10350882 0.10125711 0.10281331 0.10110196 0.10047314 0.10571703 0.10374036 0.11446646 0.11569864 0.11739765
0.065516298 0.066826184 0.066817947 0.068260635 0.069669917 0.069836194 0.070241415 0.071214764 0.071804034 0.071382023 0.070119608 0.069570175 0.069958001 0.071389635 0.067970713 0.069296166 0.067180248 0.067020864 0.066284976 0.075957054 0.090592883 0.089732252 0.11082562 0.10594044 0.10850756 0.11249978 0.11425296 0.1146226 0.11447656 0.11323022 0.11235026 0.10665886 0.10356724 0.10224968 0.10050675 0.10019311 0.09851661 0.097679147 0.096874784 0.096505191 0.10034199 0.097982515 0.094993871 0.093307629 0.092286132 0.095717288 0.10425521 0.10096884 0.10084698 0.10366227 0.10203757 0.10504108 0.10072266 0.10385536 0.10879722 0.11757702 0.13327387
0.064644896 0.066809838 0.066876304 0.06747253 0.068678874 0.069251307 0.070148994 0.070859987 0.070736066 0.070216279 0.069520961 0.069376685 0.068886105 0.068833931 0.067616792 0.066474245 0.06637434 0.074360715 0.077014879 0.11092483 0.10254031 0.11181996 0.11306226 0.11296299 0.11864076 0.11782868 0.12002429 0.11899325 0.12056279 0.11979318 0.11883599 0.11269487 0.11107425 0.10857164 0.10450974 0.10457752 0.10499272 0.10448887 0.10817515 0.10361902 0.10950231 0.099127546 0.10079931 0.10237882 0.097661052 0.10451918 0.10411179 0.10088208 0.11034145 0.10487656 0.10291898 0.10978805 0.10953586 0.10670683 0.11043869 0.11741609 0.14384138
0.063055337 0.064673257 0.066195971 0.067104126 0.067894887 0.06869723 0.069386453 0.070043122 0.070255714 0.070102746 0.07013722 0.069632452 0.069662739 0.069929803 0.068364219 0.068722431 0.068011847 0.082445314 0.093886448 0.11580486 0.11162082 0.1139934 0.11549243 0.11779633 0.11702236 0.12312173 0.12598258 0.12567249 0.12338041 0.12225479 0.12184963 0.12274253 0.12124012 0.11432538 0.10755961 0.10600827 0.10547363 0.10552576 0.10636708 0.11162774 0.1039011 0.10093953 0.10152039 0.10460495 0.11428924 0.10297575 0.10098606 0.11740576 0.10889014 0.1063367 0.10487566 0.11130631 0.11179269 0.11075445 0.11039482 0.11744913 0.14647573
0.063184039 0.064525202 0.066387596 0.070004464 0.069710269 0.069071295 0.068985025 0.069748096 0.070767882 0.071474483 0.071514024 0.070235874 0.069934212 0.06997986 0.070070532 0.071304596 0.071358446 0.079062224 0.1126114 0.11496073 0.11810298 0.10655313 0.11203271 0.1174644 0.12407457 0.12041626 0.12594842 0.12760756 0.12693516 0.12338902 0.12361162 0.12359335 0.12346759 0.12073928 0.1132706 0.10913248 0.11006041 0.10692099 0.10855919 0.10855136 0.10415739 0.10411547 0.10360728 0.10567793 0.1021568 0.10342766 0.10392724 0.10402366 0.11980812 0.11205856 0.10310128 0.10784244 0.11421217 0.11324626 0.11010158 0.11439673 0.12391642
0.062790782 0.065111194 0.068087759 0.069903064 0.068945088 0.068603877 0.069588692 0.072101828 0.07410071 0.074659208 0.074462945 0.073501469 0.073647448 0.07325096 0.070312422 0.072560614 0.090222643 0.090704587 0.096191486 0.094736887 0.095740946 0.096860369 0.099607671 0.11911902 0.12462464 0.12017328 0.12381229 0.12282944 0.12677908 0.12634844 0.12597044 0.12726413 0.12828949 0.12832247 0.11972502 0.11106776 0.11151116 0.1105074 0.10632672 0.10739099 0.10732892 0.10552635 0.10312981 0.1027899 0.10560686 0.10024621 0.10267731 0.10270118 0.10433365 0.10892866 0.11120761 0.10980447 0.11251269 0.1136079 0.11435041 0.11388414 0.11355042
0.061990891 0.064319238 0.066652453 0.067939413 0.068853745 0.069233041 0.071700177 0.073150289 0.073595398 0.074368151 0.075054452 0.075322838 0.076044368 0.074426856 0.074545505 0.07685705 0.081043614 0.090926005 0.099768213 0.094120114 0.093998569 0.098032858 0.10014653 0.11701987 0.12490434 0.11826318 0.12209833 0.12436223 0.12538198 0.1281251 0.12727174 0.13022139 0.12896057 0.12485121 0.11802126 0.11196917 0.11030072 0.10882453 0.10863068 0.10771317 0.10895323 0.10754376 0.10485699 0.10579912 0.10363683 0.10169743 0.10164815 0.10327305 0.1074373 0.10649405 0.10654243 0.11139375 0.1237439 0.12432824 0.11469346 0.11090979 0.11049326
0.065557877 0.067050835 0.068487867 0.071327368 0.071397167 0.071286961 0.072233525 0.073208103 0.073883476 0.074508687 0.075099038 0.075739041 0.076088469 0.077189366 0.076299842 0.076071601 0.078013011 0.079703387 0.093858472 0.095075122 0.098200658 0.094954645 0.097487003 0.10452569 0.11774125 0.1274557 0.11989961 0.12182191 0.12403085 0.12593609 0.12607937 0.12749067 0.12725522 0.12180827 0.11774628 0.11450959 0.11205575 0.11235609 0.10992234 0.10994021 0.11203511 0.10758933 0.10887123 0.10554418 0.10846128 0.10984965 0.10948538 0.10205228 0.10816696 0.10265521 0.12311605 0.12011131 0.11718779 0.11475031 0.10911342 0.12027413 0.11122849
0.068067712 0.069243777 0.070778769 0.072795296 0.071932617 0.071819525 0.072290946 0.072971501 0.074583388 0.075670366 0.076206397 0.077724215 0.077803721 0.077620285 0.078006405 0.077423469 0.076723072 0.0807389 0.080797716 0.082733351 0.096959801 0.099116208 0.11275167 0.11800121 0.11698357 0.12179708 0.1231474 0.12404182 0.12676246 0.12580411 0.12688488 0.12655546 0.12763568 0.12748118 0.12484619 0.11892398 0.11286466 0.11085527 0.1110571 0.11121137 0.1171834 0.10916779 0.1108005 0.10801882 0.11166839 0.12319535 0.12342823 0.10697503 0.1044146 0.10495067 0.10451591 0.1167309 0.10894963 0.10671985 0.10738836 0.10909596 0.11212473
0.068586905 0.070895655 0.068715716 0.069742452 0.072091731 0.071367917 0.071036667 0.071775726 0.074104672 0.076432952 0.07662282 0.076446972 0.078985584 0.078370525 0.078688122 0.079824655 0.082706095 0.083287554 0.083853162 0.094417545 0.11622786 0.11683292 0.11886658 0.12233395 0.11960677 0.11875178 0.10498702 0.10942684 0.12214433 0.1287861 0.12781497 0.12777016 0.12808058 0.13084083 0.12864929 0.12107954 0.11400225 0.11130201 0.11136368 0.1116632 0.11214288 0.11337388 0.11370441 0.10895602 0.11148667 0.11004577 0.10317572 0.11371876 0.10229107 0.12557598 0.11488815 0.11532237 0.10385317 0.1020736 0.10410626 0.10951695 0.11086442
0.061276519 0.063020094 0.065413098 0.066272281 0.068214496 0.072089984 0.073403205 0.07419682 0.075435945 0.077644552 0.078735408 0.079154269 0.083257994 0.086815097 0.080816572 0.083752413 0.085618367 0.10510404 0.10767131 0.12179648 0.12178691 0.12939205 0.11898133 0.12713455 0.11608419 0.12134549 0.10399603 0.10442286 0.12084418 0.12470855 0.13248464 0.12818615 0.12984937 0.13093508 0.12879226 0.12106219 0.11505256 0.11451219 0.11389061 0.11320965 0.1131344 0.11517902 0.11517757 0.10990866 0.11092756 0.11109886 0.1109543 0.1249742 0.10313762 0.11092496 0.10806864 0.11555815 0.11319106 0.11160486 0.1063492 0.10857615 0.10970659
0.05810294 0.061254533 0.06336926 0.066608045 0.070965809 0.074629469 0.07485025 0.075806393 0.076897933 0.078236648 0.081158206 0.082651524 0.080464428 0.082364827 0.084467955 0.087762359 0.10327869 0.10915416 0.11313198 0.11595787 0.11694618 0.12136401 0.1179468 0.12094972 0.12713834 0.11696357 0.12328247 0.10250645 0.10787996 0.12176629 0.13105315 0.129051 0.12907421 0.13298034 0.13095591 0.12193456 0.11521817 0.11473477 0.1153265 0.11507036 0.11577377 0.11637672 0.11453038 0.11564591 0.12173852 0.12054153 0.13334834 0.1388364 0.14541998 0.10539027 0.11250005 0.11341578 0.11506029 0.1111719 0.1096271 0.11374675 0.11283571
0.057482495 0.060122163 0.062981934 0.069756809 0.074022099 0.076852197 0.077305492 0.078242226 0.078735134 0.079520268 0.081450864 0.081896368 0.080561714 0.08295812 0.090066319 0.10664505 0.10783896 0.11275555 0.11323834 0.11817854 0.11608113 0.1302411 0.11895924 0.12036693 0.11684984 0.1234561 0.12199903 0.10338883 0.10510133 0.11035407 0.12435507 0.12836562 0.12982479 0.13132416 0.1302945 0.12288888 0.11671099 0.11698703 0.12153207 0.12488486 0.12061509 0.11877299 0.121616 0.14521315 0.13762727 0.13417245 0.15218836 0.11124107 0.10969757 0.098832317 0.11354069 0.12973846 0.14932891 0.14735851 0.1612805 0.12463921 0.13120881
0.058571184 0.06017189 0.06266346 0.070808697 0.080293899 0.076979365 0.077766342 0.077958531 0.079101762 0.081979418 0.083038639 0.081311358 0.080906544 0.084242321 0.091548757 0.10811057 0.11504887 0.11388389 0.12461374 0.1218913 0.13130615 0.13200203 0.12792548 0.12946397 0.1373026 0.13420279 0.11924676 0.10504611 0.11120206 0.11613218 0.12352805 0.13054962 0.12377968 0.12129742 0.1207201 0.1194565 0.11905641 0.12121983 0.12878495 0.13791456 0.13351634 0.13568908 0.13992522 0.14500631 0.1752129 0.14307046 0.11517928 0.13864494 0.11901851 0.11658167 0.16509824 0.17823459 0.15539417 0.1351807 0.13678211 0.1170813 0.11556998
0.063479838 0.059814355 0.067914115 0.070166087 0.071880576 0.074983878 0.076618164 0.077780308 0.078244384 0.079131416 0.080265925 0.080693067 0.08133662 0.083915907 0.087894515 0.096514452 0.1101861 0.11371176 0.1177758 0.11734227 0.12347218 0.1188309 0.12515095 0.10627471 0.095066437 0.11640787 0.12871828 0.1065494 0.10608279 0.10752965 0.11217715 0.11599565 0.12001883 0.11978428 0.11830806 0.11819791 0.12131397 0.129683 0.13926362 0.14459881 0.14985699 0.14996274 0.14169304 0.14519912 0.14776339 0.16106872 0.17461611 0.15001188 0.16159824 0.15878122 0.15301068 0.15364796 0.14087553 0.13185675 0.15064443 0.14533835 0.14301965
0.062540943 0.064863207 0.067716833 0.068497988 0.070096978 0.073118803 0.075298898 0.076817478 0.077966255 0.077290596 0.077266679 0.079060314 0.081365084 0.084996973 0.092419646 0.088776908 0.097039486 0.097790905 0.10326979 0.099521707 0.10151696 0.096125236 0.10612594 0.095405849 0.096399646 0.10140022 0.099221093 0.10302247 0.10276274 0.11253249 0.10990324 0.11531703 0.11609588 0.12082797 0.12126281 0.12356029 0.12640701 0.13336754 0.14075975 0.14519637 0.1490628 0.14300738 0.13521344 0.12735947 0.12804659 0.12842919 0.12540579 0.12556273 0.11810377 0.15497727 0.19878253 0.14918359 0.12916902 0.17199044 0.15564811 0.15207132 0.16231098
0.061958041 0.066466656 0.066011544 0.067935416 0.070243156 0.073338916 0.076556972 0.07758635 0.077328714 0.077627387 0.077497822 0.077949836 0.080309324 0.083855218 0.085394735 0.08633309 0.089262421 0.096604726 0.10165465 0.098498551 0.10431338 0.098256205 0.1007726 0.099007819 0.094462853 0.099602349 0.096253965 0.10568398 0.10670972 0.11023599 0.11359042 0.11332309 0.11639546 0.12192154 0.1451597 0.14149852 0.1355421 0.13869985 0.1437034 0.14548057 0.14356333 0.13762365 0.12862092 0.12747965 0.1260901 0.12527558 0.12301966 0.12104796 0.15743267 0.15078991 0.16079856 0.12782123 0.12932715 0.17884523 0.15393506 0.14211757 0.16228056
0.061360724 0.073494448 0.064994278 0.068384157 0.070612337 0.071953192 0.074764632 0.076621328 0.077287943 0.078386318 0.079692344 0.081475736 0.083448851 0.085275211 0.087013327 0.086766455 0.08769042 0.094762381 0.10033485 0.094804291 0.095067618 0.098760785 0.11249491 0.093095503 0.09787923 0.094852181 0.096161289 0.11051966 0.11115161 0.10828295 0.10902252 0.10705544 0.1123745 0.13346302 0.13891107 0.14025841 0.1393739 0.14101895 0.14176658 0.1419873 0.13957369 0.1254274 0.12509068 0.12453127 0.12763427 0.13218311 0.15166677 0.14942137 0.164183 0.15549942 0.16150221 0.15452593 0.16260805 0.17031016 0.16240523 0.16115129 0.15224805
