landslides_training_model/shapes/shapes_mean/logistic_regression_mean_suc.tif
NCOLS 441
NROWS 451
XLLCORNER -92.213079
YLLCORNER 13.747265
DX 0.0090151111
DY 0.0090031242
NODATA_VALUE -9999
[rows 100 to 124 of 451, columns 0 to 56 of 441]
0.29961387 0.29910503 0.29858845 0.29806401 0.29753163 0.29699116 0.29644251 0.29588556 0.29532017 0.29474625 0.29416365 0.29357227 0.29297196 0.29236261 0.29174408 0.29111624 0.29047896 0.28983211 0.28917554 0.28850912 0.28783271 0.28714616 0.28644934 0.28574209 0.28502427 0.28429573 0.28355633 0.2828059 0.2820443 0.28127138 0.28048697 0.27969092 0.27888308 0.27806328 0.27723136 0.27638716 0.27553053 0.2746613 0.27377931 0.27288439 0.27197639 0.27105514 0.27012048 0.26917224 0.26821027 0.2672344 0.26624448 0.26524034 0.26422183 0.2631888 0.26214109 0.26107856 0.26000104 0.25890841 0.25780051 0.25667722 0.25553839
0.30051827 0.30001506 0.29950415 0.29898543 0.29845878 0.2979241 0.29738127 0.29683016 0.29627067 0.29570267 0.29512604 0.29454066 0.29394639 0.29334311 0.2927307 0.29210901 0.29147792 0.2908373 0.29018699 0.28952688 0.28885681 0.28817665 0.28748624 0.28678546 0.28607414 0.28535214 0.28461932 0.28387552 0.28312058 0.28235436 0.2815767 0.28078744 0.27998643 0.2791735 0.27834851 0.27751128 0.27666166 0.2757995 0.27492462 0.27403686 0.27313607 0.27222209 0.27129474 0.27035388 0.26939935 0.26843098 0.26744861 0.2664521 0.26544129 0.26441603 0.26337615 0.26232153 0.26125201 0.26016746 0.25906772 0.25795268 0.2568222
0.30142934 0.30093186 0.30042673 0.29991381 0.29939302 0.29886422 0.29832731 0.29778217 0.29722868 0.29666672 0.29609617 0.2955169 0.29492879 0.29433171 0.29372553 0.29311012 0.29248535 0.29185108 0.29120718 0.2905535 0.28988991 0.28921626 0.28853242 0.28783824 0.28713356 0.28641825 0.28569216 0.28495512 0.284207 0.28344764 0.28267687 0.28189456 0.28110054 0.28029465 0.27947673 0.27864664 0.27780419 0.27694925 0.27608165 0.27520122 0.27430781 0.27340126 0.2724814 0.27154809 0.27060116 0.26964045 0.26866581 0.2676771 0.26667414 0.26565681 0.26462494 0.26357839 0.26251703 0.26144071 0.2603493 0.25924266 0.25812068
0.30234702 0.30185538 0.30135611 0.30084911 0.30033426 0.29981146 0.29928058 0.29874151 0.29819413 0.29763833 0.29707397 0.29650093 0.2959191 0.29532834 0.29472852 0.29411951 0.29350118 0.29287339 0.29223602 0.29158891 0.29093193 0.29026494 0.2895878 0.28890035 0.28820246 0.28749398 0.28677476 0.28604464 0.28530348 0.28455112 0.28378741 0.2830122 0.28222532 0.28142662 0.28061595 0.27979314 0.27895803 0.27811048 0.27725031 0.27637737 0.2754915 0.27459255 0.27368034 0.27275474 0.27181558 0.2708627 0.26989596 0.2689152 0.26792027 0.26691102 0.26588731 0.264849 0.26379595 0.26272802 0.26164509 0.26054701 0.25943368
0.30327125 0.30278554 0.30229225 0.30179126 0.30128246 0.30076575 0.30024101 0.29970812 0.29916696 0.29861742 0.29805937 0.29749269 0.29691724 0.29633292 0.29573958 0.29513709 0.29452533 0.29390416 0.29327344 0.29263303 0.2919828 0.2913226 0.29065229 0.28997172 0.28928076 0.28857925 0.28786704 0.28714399 0.28640994 0.28566474 0.28490823 0.28414026 0.28336068 0.28256933 0.28176605 0.28095069 0.28012308 0.27928307 0.2784305 0.27756521 0.27668705 0.27579585 0.27489147 0.27397373 0.2730425 0.27209762 0.27113893 0.27016628 0.26917953 0.26817854 0.26716315 0.26613323 0.26508864 0.26402926 0.26295494 0.26186557 0.26076103
0.30420198 0.30372229 0.30323507 0.30274019 0.30223755 0.30172704 0.30120854 0.30068193 0.30014711 0.29960394 0.29905231 0.29849209 0.29792316 0.29734538 0.29675864 0.29616281 0.29555774 0.2949433 0.29431936 0.29368579 0.29304243 0.29238915 0.29172582 0.29105227 0.29036837 0.28967397 0.28896893 0.28825308 0.28752629 0.28678839 0.28603924 0.28527867 0.28450654 0.28372269 0.28292696 0.2821192 0.28129924 0.28046694 0.27962212 0.27876465 0.27789435 0.27701107 0.27611466 0.27520496 0.27428181 0.27334508 0.2723946 0.27143023 0.27045182 0.26945922 0.26845231 0.26743093 0.26639496 0.26534427 0.26427872 0.26319819 0.26210258
0.30513913 0.30466557 0.30418451 0.30369584 0.30319946 0.30269525 0.30218309 0.30166288 0.30113449 0.30059781 0.30005271 0.29949906 0.29893676 0.29836566 0.29778564 0.29719657 0.29659831 0.29599074 0.29537372 0.2947471 0.29411075 0.29346453 0.2928083 0.29214191 0.29146522 0.29077807 0.29008033 0.28937183 0.28865244 0.28792199 0.28718034 0.28642733 0.2856628 0.2848866 0.28409858 0.28329857 0.28248642 0.28166198 0.28082508 0.27997557 0.27911329 0.27823809 0.27734981 0.2764483 0.2755334 0.27460497 0.27366286 0.27270691 0.271737 0.27075296 0.26975467 0.26874198 0.26771477 0.26667291 0.26561626 0.26454472 0.26345817
0.30608265 0.3056153 0.3051405 0.30465814 0.30416811 0.30367031 0.3031646 0.30265089 0.30212904 0.30159895 0.30106049 0.30051354 0.29995797 0.29939366 0.29882048 0.2982383 0.29764698 0.2970464 0.29643641 0.29581688 0.29518767 0.29454865 0.29389965 0.29324055 0.2925712 0.29189145 0.29120115 0.29050015 0.2897883 0.28906545 0.28833145 0.28758614 0.28682936 0.28606097 0.2852808 0.2844887 0.28368452 0.28286809 0.28203925 0.28119787 0.28034376 0.27947679 0.2785968 0.27770364 0.27679714 0.27587718 0.27494358 0.27399622 0.27303494 0.27205961 0.27107008 0.27006623 0.26904792 0.26801503 0.26696743 0.26590501 0.26482765
0.30703246 0.30657142 0.30610298 0.30562702 0.30514345 0.30465214 0.30415299 0.30364588 0.30313068 0.30260729 0.30207559 0.30153544 0.30098672 0.30042932 0.29986309 0.29928792 0.29870366 0.29811019 0.29750737 0.29689505 0.29627311 0.2956414 0.29499978 0.29434811 0.29368624 0.29301402 0.2923313 0.29163794 0.29093378 0.29021867 0.28949246 0.288755 0.28800613 0.28724569 0.28647353 0.28568949 0.28489342 0.28408516 0.28326455 0.28243144 0.28158567 0.28072708 0.27985553 0.27897087 0.27807293 0.27716157 0.27623665 0.27529801 0.27434553 0.27337904 0.27239843 0.27140356 0.27039429 0.26937051 0.26833208 0.26727891 0.26621086
0.30798849 0.30753385 0.30707186 0.30660241 0.30612539 0.30564068 0.30514818 0.30464777 0.30413934 0.30362276 0.30309791 0.30256468 0.30202293 0.30147254 0.30091339 0.30034534 0.29976826 0.29918202 0.29858649 0.29798152 0.29736698 0.29674272 0.2961086 0.29546449 0.29481023 0.29414568 0.29347068 0.2927851 0.29208877 0.29138155 0.29066329 0.28993382 0.28919299 0.28844066 0.28767666 0.28690083 0.28611303 0.28531308 0.28450085 0.28367617 0.28283888 0.28198884 0.28112589 0.28024987 0.27936064 0.27845804 0.27754194 0.27661218 0.27566863 0.27471114 0.27373958 0.27275382 0.27175373 0.27073919 0.26971007 0.26866627 0.26760766
0.30895067 0.30850253 0.30804708 0.30758423 0.30711385 0.30663585 0.3061501 0.3056565 0.30515492 0.30464526 0.30412738 0.30360117 0.3030665 0.30252324 0.30197128 0.30141048 0.3008407 0.30026182 0.29967369 0.29907619 0.29846917 0.29785249 0.29722602 0.2965896 0.29594308 0.29528634 0.29461921 0.29394154 0.29325319 0.292554 0.29184381 0.29112249 0.29038986 0.28964578 0.28889008 0.28812262 0.28734323 0.28655176 0.28574805 0.28493195 0.2841033 0.28326195 0.28240774 0.28154052 0.28066015 0.27976646 0.27885933 0.27793859 0.27700412 0.27605577 0.2750934 0.2741169 0.27312612 0.27212094 0.27110126 0.27006695 0.2690179
0.30991893 0.30947737 0.30902856 0.30857239 0.30810876 0.30763756 0.30715866 0.30667197 0.30617736 0.30567471 0.30516391 0.30464482 0.30411734 0.30358134 0.30303668 0.30248323 0.30192087 0.30134947 0.30076888 0.30017897 0.2995796 0.29897063 0.29835192 0.29772333 0.2970847 0.29643589 0.29577676 0.29510715 0.29442691 0.2937359 0.29303394 0.2923209 0.29159662 0.29086093 0.29011369 0.28935474 0.28858392 0.28780107 0.28700604 0.28619867 0.28537881 0.2845463 0.28370098 0.28284271 0.28197134 0.28108672 0.28018869 0.27927712 0.27835187 0.27741279 0.27645976 0.27549264 0.27451131 0.27351563 0.2725055 0.27148081 0.27044143
0.31089318 0.3104583 0.31001622 0.30956683 0.30911004 0.30864573 0.30817378 0.3076941 0.30720655 0.30671102 0.3062074 0.30569556 0.30517538 0.30464673 0.30410948 0.30356352 0.30300869 0.30244488 0.30187195 0.30128976 0.30069817 0.30009703 0.29948622 0.29886558 0.29823497 0.29759424 0.29694325 0.29628183 0.29560985 0.29492715 0.29423357 0.29352895 0.29281316 0.29208602 0.29134738 0.29059709 0.28983498 0.28906091 0.2882747 0.28747621 0.28666529 0.28584176 0.28500549 0.28415632 0.2832941 0.28241868 0.28152991 0.28062765 0.27971176 0.2787821 0.27783853 0.27688093 0.27590917 0.27492312 0.27392267 0.27290771 0.27187812
0.31187336 0.31144523 0.31100997 0.31056746 0.3101176 0.30966027 0.30919538 0.3087228 0.30824241 0.30775411 0.30725778 0.30675328 0.3062405 0.30571932 0.30518961 0.30465123 0.30410406 0.30354797 0.30298281 0.30240846 0.30182477 0.3012316 0.30062881 0.30001626 0.2993938 0.29876128 0.29811856 0.29746548 0.29680189 0.29612764 0.29544257 0.29474653 0.29403937 0.29332092 0.29259103 0.29184955 0.2910963 0.29033115 0.28955392 0.28876446 0.28796262 0.28714824 0.28632116 0.28548123 0.28462831 0.28376223 0.28288286 0.28199005 0.28108366 0.28016355 0.27922959 0.27828164 0.27731957 0.27634327 0.27535262 0.27434751 0.27332782
0.31285937 0.31243809 0.31200973 0.31157418 0.31113134 0.3106811 0.31022335 0.30975797 0.30928485 0.30880388 0.30831493 0.30781789 0.30731263 0.30679902 0.30627695 0.30574627 0.30520687 0.30465861 0.30410135 0.30353496 0.30295929 0.30237421 0.30177958 0.30117525 0.30056107 0.29993689 0.29930258 0.29865797 0.29800291 0.29733725 0.29666084 0.29597352 0.29527514 0.29456553 0.29384453 0.293112 0.29236777 0.29161168 0.29084357 0.2900633 0.28927069 0.28846559 0.28764785 0.28681732 0.28597383 0.28511725 0.28424742 0.28336421 0.28246745 0.28155703 0.2806328 0.27969463 0.27874239 0.27777596 0.27679523 0.27580008 0.2747904
0.31385113 0.31343679 0.31301542 0.31258692 0.3121512 0.31170813 0.31125761 0.31079953 0.31033378 0.30986023 0.30937877 0.30888928 0.30839164 0.30788572 0.3073714 0.30684854 0.30631702 0.30577671 0.30522747 0.30466915 0.30410164 0.30352477 0.30293842 0.30234243 0.30173666 0.30112097 0.30049519 0.29985919 0.2992128 0.29855588 0.29788827 0.29720981 0.29652034 0.29581971 0.29510776 0.29438433 0.29364926 0.29290238 0.29214355 0.2913726 0.29058937 0.28979371 0.28898545 0.28816446 0.28733056 0.28648362 0.28562347 0.28474998 0.28386301 0.28296241 0.28204804 0.28111978 0.28017749 0.27922106 0.27825036 0.27726529 0.27626573
0.31484856 0.31444123 0.31402694 0.31360558 0.31317706 0.31274126 0.31229807 0.31184738 0.31138909 0.31092307 0.3104492 0.30996737 0.30947745 0.30897932 0.30847286 0.30795793 0.30743441 0.30690216 0.30636104 0.30581093 0.30525169 0.30468316 0.30410521 0.3035177 0.30292047 0.30231339 0.30169629 0.30106903 0.30043145 0.2997834 0.29912473 0.29845527 0.29777487 0.29708336 0.2963806 0.29566641 0.29494065 0.29420313 0.29345372 0.29269224 0.29191855 0.29113246 0.29033385 0.28952253 0.28869837 0.2878612 0.28701088 0.28614726 0.2852702 0.28437956 0.28347519 0.28255696 0.28162475 0.28067844 0.27971789 0.278743 0.27775366
0.31585156 0.31545133 0.3150442 0.31463007 0.31420884 0.31378039 0.31334462 0.31290142 0.31245068 0.31199228 0.3115261 0.31105203 0.31056994 0.31007971 0.30958121 0.30907432 0.30855891 0.30803484 0.30750197 0.30696018 0.30640933 0.30584926 0.30527984 0.30470093 0.30411238 0.30351403 0.30290574 0.30228736 0.30165873 0.30101969 0.30037009 0.29970978 0.29903858 0.29835635 0.29766292 0.29695813 0.29624181 0.29551381 0.29477397 0.29402211 0.29325809 0.29248174 0.2916929 0.29089141 0.29007712 0.28924988 0.28840953 0.28755592 0.28668891 0.28580836 0.28491412 0.28400606 0.28308405 0.28214797 0.28119769 0.2802331 0.27925409
0.31686005 0.316467 0.31606711 0.31566029 0.31524643 0.31482543 0.31439717 0.31396155 0.31351845 0.31306777 0.31260938 0.31214316 0.311669 0.31118678 0.31069635 0.31019761 0.30969041 0.30917463 0.30865013 0.30811678 0.30757443 0.30702295 0.30646219 0.30589201 0.30531225 0.30472278 0.30412343 0.30351406 0.30289451 0.30226462 0.30162424 0.30097321 0.30031137 0.29963855 0.2989546 0.29825934 0.29755263 0.29683429 0.29610416 0.29536207 0.29460788 0.2938414 0.29306249 0.29227098 0.29146671 0.29064953 0.28981929 0.28897583 0.28811901 0.28724868 0.2863647 0.28546694 0.28455525 0.28362953 0.28268963 0.28173545 0.28076687
0.31787393 0.31748814 0.31709557 0.31669614 0.31628974 0.31587626 0.3154556 0.31502765 0.3145923 0.31414942 0.31369892 0.31324066 0.31277453 0.31230041 0.31181816 0.31132767 0.3108288 0.31032142 0.3098054 0.30928061 0.30874689 0.30820411 0.30765213 0.3070908 0.30651997 0.3059395 0.30534922 0.304749 0.30413867 0.30351807 0.30288705 0.30224544 0.30159309 0.30092983 0.3002555 0.29956993 0.29887297 0.29816443 0.29744416 0.296712 0.29596778 0.29521133 0.29444249 0.2936611 0.292867 0.29206004 0.29124005 0.29040688 0.28956038 0.28870041 0.28782683 0.28693948 0.28603825 0.285123 0.2841936 0.28324994 0.2822919
0.31889311 0.31851465 0.31812948 0.31773752 0.31733866 0.3169328 0.31651982 0.31609963 0.3156721 0.31523713 0.3147946 0.3143444 0.3138864 0.31342048 0.31294652 0.31246438 0.31197395 0.31147509 0.31096766 0.31045153 0.30992656 0.3093926 0.30884952 0.30829717 0.3077354 0.30716405 0.30658299 0.30599204 0.30539106 0.30477989 0.30415837 0.30352633 0.30288362 0.30223006 0.3015655 0.30088976 0.30020269 0.29950411 0.29879386 0.29807176 0.29733766 0.29659139 0.29583277 0.29506165 0.29427787 0.29348126 0.29267166 0.29184893 0.2910129 0.29016342 0.28930036 0.28842357 0.28753291 0.28662826 0.28570947 0.28477644 0.28382905
0.31991748 0.31954642 0.31916874 0.31878433 0.31839309 0.31799492 0.31758972 0.31717736 0.31675775 0.31633078 0.31589632 0.31545426 0.31500449 0.31454687 0.3140813 0.31360763 0.31312574 0.3126355 0.31213677 0.31162942 0.31111331 0.3105883 0.31005425 0.309511 0.3089584 0.30839632 0.30782459 0.30724306 0.30665157 0.30604996 0.30543807 0.30481574 0.30418281 0.3035391 0.30288445 0.3022187 0.30154167 0.30085319 0.3001531 0.29944123 0.2987174 0.29798145 0.29723321 0.29647251 0.29569919 0.29491308 0.29411402 0.29330186 0.29247644 0.2916376 0.2907852 0.28991909 0.28903913 0.28814519 0.28723714 0.28631485 0.28537822
0.32094694 0.32058337 0.32021324 0.31983646 0.31945292 0.31906253 0.31866517 0.31826074 0.31784914 0.31743024 0.31700395 0.31657013 0.31612868 0.31567947 0.31522237 0.31475727 0.31428402 0.31380251 0.3133126 0.31281415 0.31230702 0.31179107 0.31126616 0.31073213 0.31018885 0.30963615 0.30907389 0.3085019 0.30792003 0.30732813 0.30672602 0.30611354 0.30549053 0.30485681 0.30421222 0.3035566 0.30288976 0.30221154 0.30152176 0.30082026 0.30010686 0.29938138 0.29864366 0.29789353 0.29713082 0.29635537 0.295567 0.29476555 0.29395088 0.29312281 0.2922812 0.29142591 0.29055678 0.28967368 0.28877648 0.28786505 0.28693928
0.3219814 0.32162538 0.32126288 0.32089379 0.32051803 0.32013549 0.31974606 0.31934965 0.31894613 0.31853541 0.31811736 0.31769188 0.31725884 0.31681812 0.31636961 0.31591317 0.31544868 0.31497601 0.31449502 0.31400557 0.31350753 0.31300076 0.31248511 0.31196043 0.31142658 0.3108834 0.31033073 0.30976842 0.30919632 0.30861425 0.30802205 0.30741957 0.30680662 0.30618304 0.30554867 0.30490332 0.30424682 0.30357901 0.3028997 0.30220871 0.30150589 0.30079104 0.300064 0.29932459 0.29857265 0.29780799 0.29703046 0.29623988 0.29543609 0.29461894 0.29378827 0.29294392 0.29208575 0.29121362 0.29032739 0.28942694 0.28851213
0.32302074 0.32267234 0.32231753 0.32195623 0.32158831 0.3212137 0.32083228 0.32044395 0.32004861 0.31964614 0.31923643 0.31881937 0.31839483 0.31796271 0.31752288 0.3170752 0.31661957 0.31615584 0.31568387 0.31520355 0.31471471 0.31421723 0.31371096 0.31319575 0.31267146 0.31213791 0.31159497 0.31104248 0.31048027 0.30990817 0.30932603 0.30873368 0.30813094 0.30751765 0.30689363 0.30625871 0.30561271 0.30495545 0.30428676 0.30360645 0.30291436 0.3022103 0.30149409 0.30076556 0.30002453 0.29927082 0.29850427 0.29772471 0.29693196 0.29612587 0.29530627 0.29447301 0.29362593 0.2927649 0.29188976 0.29100039 0.29009666
