landslides_training_model/shapes/shapes_mean/logistic_regression_mean_suc.tif
NCOLS 441
NROWS 451
XLLCORNER -92.213079
YLLCORNER 13.747265
DX 0.0090151111
DY 0.0090031242
NODATA_VALUE -9999
[rows 125 to 149 of 451, columns 285 to 341 of 441]
0.16866947 0.16131396 0.14560079 0.14102582 0.12256563 0.12486194 0.1274275 0.11678401 0.11966839 0.10996235 0.12910179 0.14605236 0.12778228 0.13711629 0.13852749 0.15389057 0.14506561 0.15658542 0.1836771 0.1908759 0.19964925 0.20174952 0.2043493 0.19504194 0.17453205 0.15765475 0.15222422 0.15083066 0.15090332 0.15619394 0.15702269 0.13540547 0.13624106 0.133811 0.13076685 0.13210751 0.15299387 0.14485988 0.16036181 0.15913264 0.14163151 0.1918904 0.16886494 0.2251583 0.23108843 0.22176276 0.23842997 0.24860669 0.2455586 0.25277587 0.2506462 0.23708271 0.22488772 0.2192452 0.21602681 0.2141266 0.21303082
0.14413666 0.14469562 0.13379582 0.11988024 0.1181073 0.12453225 0.1243624 0.12160711 0.13332934 0.11604457 0.12536913 0.12996713 0.13542927 0.1320885 0.13761106 0.139003 0.14391383 0.22092624 0.20307528 0.17483988 0.20318877 0.19940558 0.20332329 0.17890022 0.16052111 0.15317499 0.15326289 0.15499454 0.15153327 0.16464143 0.16888321 0.14227948 0.1408698 0.14639699 0.13490358 0.13899834 0.13985895 0.1492201 0.16556373 0.17415711 0.16145267 0.18343001 0.17298873 0.22107386 0.23814197 0.24833535 0.23732012 0.24031638 0.24636764 0.26854167 0.26410584 0.24336895 0.22648032 0.22009972 0.21686049 0.21505904 0.21406144
0.12858048 0.12695655 0.11908789 0.11847791 0.11806481 0.12560642 0.12830984 0.13313843 0.11783089 0.11277528 0.13610717 0.15342166 0.15590026 0.13303362 0.15249568 0.13754285 0.15028444 0.20265413 0.21008887 0.20799234 0.21363871 0.218418 0.21178411 0.17799074 0.16083582 0.15851145 0.1547069 0.15836987 0.17485195 0.18050807 0.17371379 0.15517512 0.14956479 0.1565559 0.14181648 0.14991024 0.16557866 0.15114286 0.1607825 0.18608865 0.18114112 0.16967701 0.17795533 0.20834107 0.24126182 0.23725923 0.24099121 0.23368015 0.24017072 0.24892244 0.2610587 0.25197465 0.2275997 0.22083225 0.21767364 0.21599118 0.21509529
0.11832637 0.1150532 0.11828285 0.12504798 0.12053531 0.13149071 0.12594294 0.11761671 0.11450284 0.13977492 0.13877828 0.22396337 0.21530848 0.15360611 0.1467796 0.13697863 0.16283448 0.16685075 0.20528129 0.19078142 0.22273214 0.20315731 0.19320961 0.183351 0.17712351 0.17144179 0.16858876 0.17455981 0.18454613 0.18812475 0.17280471 0.15444197 0.1482466 0.1495904 0.14929011 0.18402975 0.15880998 0.18567216 0.22401929 0.20533618 0.25041866 0.25818357 0.25441942 0.21726886 0.25334072 0.2055137 0.22706307 0.22869714 0.2420101 0.24068571 0.24517406 0.24099085 0.22683871 0.22120603 0.21840193 0.21690519 0.21613027
0.11145438 0.11208387 0.11625866 0.12279636 0.12568302 0.12452763 0.12063065 0.13177481 0.1165321 0.12088061 0.15499797 0.16501408 0.20901325 0.23378635 0.16381504 0.14058893 0.14285858 0.13929478 0.19186542 0.18679995 0.19012055 0.18781505 0.18370816 0.1843719 0.1833068 0.18038575 0.17955261 0.18355827 0.18805892 0.18698369 0.17981622 0.16281742 0.15391824 0.1544876 0.17321375 0.18364282 0.19242951 0.23605288 0.25655247 0.29064201 0.26757639 0.26953918 0.26050542 0.24392948 0.19232624 0.2014684 0.23346352 0.23338581 0.23655646 0.24341464 0.24234912 0.23458034 0.22611034 0.22150902 0.21909987 0.21781741 0.2171754
0.11109099 0.11495896 0.11963179 0.12216335 0.12524936 0.13002603 0.11990026 0.12173257 0.12839211 0.12969718 0.15081002 0.17100604 0.17571561 0.16786607 0.18146934 0.1491977 0.14996765 0.1886557 0.18402753 0.18956618 0.18790929 0.19896321 0.19273019 0.19579429 0.18580736 0.17993349 0.17959666 0.18565748 0.19229111 0.19046825 0.1838847 0.1751776 0.16792696 0.17599823 0.16997659 0.20494612 0.20960864 0.20944269 0.242718 0.27271596 0.27748867 0.24611163 0.27010108 0.18660616 0.20044709 0.20236405 0.21346924 0.236766 0.23188169 0.28148831 0.27488722 0.24689458 0.22669707 0.22195798 0.2198388 0.21876001 0.21824758
0.11651199 0.11931743 0.12387239 0.12610563 0.12638355 0.12241315 0.1209503 0.12597821 0.12874543 0.13506462 0.16171993 0.16550061 0.16963483 0.17789658 0.16809331 0.12480868 0.13226893 0.14708933 0.18046628 0.19533331 0.18712271 0.19372061 0.20470077 0.20791077 0.19499419 0.19041226 0.18391654 0.19134432 0.20084422 0.19372807 0.18933859 0.18870547 0.18071381 0.17287962 0.20591742 0.21887823 0.19925752 0.22063112 0.23198719 0.22331281 0.29248494 0.21892899 0.21217019 0.18350987 0.17525034 0.16171141 0.18322458 0.23633055 0.20829856 0.2302735 0.24317179 0.23547859 0.22616016 0.22241979 0.22065838 0.21976602 0.2193655
0.12050948 0.12586224 0.13768877 0.15174977 0.15088409 0.12899923 0.12554231 0.12987622 0.13640081 0.17241992 0.16243234 0.16725227 0.18158495 0.16820417 0.17504829 0.12219621 0.13551793 0.2261389 0.18772563 0.18533322 0.19618394 0.19256171 0.19711717 0.19766699 0.19363887 0.18555821 0.18682257 0.2073458 0.21873502 0.20906534 0.19569787 0.19790737 0.19103112 0.17001176 0.179421 0.20543606 0.21169224 0.20783895 0.23379457 0.22241846 0.21224713 0.18223433 0.17996238 0.18512025 0.19006022 0.16059052 0.1915721 0.18094542 0.20001912 0.20218274 0.23622872 0.23610176 0.22596892 0.22310886 0.22163562 0.22086873 0.2205443
0.14297459 0.15221365 0.1579003 0.15896189 0.16146262 0.16186047 0.14736029 0.14617699 0.15820641 0.16773056 0.1904117 0.17220985 0.17650286 0.16688391 0.17103075 0.12253631 0.14138645 0.22760988 0.19844488 0.20290316 0.19531959 0.19410778 0.19085824 0.19097148 0.18941702 0.19700423 0.19488371 0.20433113 0.21179465 0.20910833 0.20569995 0.19816716 0.20601063 0.18185627 0.18238422 0.21694166 0.23594649 0.21838656 0.20623292 0.21125901 0.17464589 0.16381878 0.16771788 0.18526812 0.18984612 0.15272899 0.18567365 0.20217995 0.20493698 0.21786976 0.23029849 0.2321635 0.22708178 0.22433438 0.22284442 0.22208506 0.2217878
0.15860366 0.16832544 0.16881241 0.16635635 0.17130598 0.17143202 0.16769965 0.16234132 0.15663932 0.17104348 0.16590428 0.16368354 0.17637338 0.16262695 0.17277903 0.17392821 0.18712102 0.20483993 0.20822651 0.19363981 0.18418796 0.18903906 0.18622715 0.1812062 0.1833326 0.17738404 0.18391796 0.19391899 0.20227141 0.19638113 0.18814705 0.19531042 0.17766269 0.17035887 0.17356984 0.20781242 0.20214686 0.20875353 0.2148996 0.20355148 0.15812515 0.16194268 0.18767618 0.18979786 0.15580689 0.15221657 0.19175012 0.2164158 0.23394093 0.25219748 0.2531289 0.24086586 0.23002052 0.22610197 0.22424891 0.2233883 0.22308145
0.15453804 0.14685372 0.14629287 0.14620241 0.1403138 0.14218598 0.15136592 0.14280428 0.14835151 0.17349028 0.18310093 0.17640782 0.1731792 0.16714713 0.17254525 0.21544939 0.21165241 0.20176036 0.2144039 0.19206485 0.19436935 0.18946572 0.18495594 0.17956471 0.16986908 0.16980313 0.17439797 0.19002614 0.20081559 0.18858765 0.17045144 0.1670635 0.16461339 0.17019403 0.18550955 0.19119777 0.201985 0.1593902 0.16171967 0.18978754 0.17727405 0.17203755 0.18950827 0.1813181 0.14571855 0.19605859 0.24427062 0.26829169 0.27348581 0.27630098 0.27465095 0.25158492 0.23349381 0.22796344 0.2256742 0.22470621 0.22439503
0.131107 0.12844475 0.12622106 0.12618632 0.1265034 0.13057465 0.13665293 0.14241337 0.1470595 0.16342587 0.17144997 0.17257336 0.16673957 0.18138671 0.17352075 0.19122071 0.22303275 0.20128411 0.24290625 0.20242521 0.20323479 0.19064083 0.17777583 0.18460364 0.1725031 0.1693302 0.17970764 0.18948465 0.18947748 0.17477451 0.16631225 0.16657487 0.16157461 0.16885733 0.17347421 0.1811782 0.17099637 0.18253832 0.18857326 0.17116953 0.18148312 0.18707575 0.16089517 0.1688987 0.18133489 0.2256381 0.26288308 0.26674755 0.28732938 0.29523231 0.28365118 0.25508185 0.23528327 0.22929057 0.22690605 0.22595875 0.22569829
0.11588039 0.11792195 0.11972027 0.12104747 0.1230531 0.13007454 0.14448417 0.15078994 0.1541982 0.1641983 0.17014878 0.16622074 0.16716069 0.17450124 0.18532667 0.21546053 0.21959939 0.20082484 0.19661442 0.21841364 0.19732093 0.19299937 0.1848876 0.17801584 0.18755163 0.17792084 0.18153478 0.18419572 0.17413175 0.16312831 0.15931348 0.15871372 0.15739076 0.16016334 0.16193937 0.16263001 0.16539681 0.1823838 0.17958783 0.17848898 0.17232249 0.18805864 0.18300982 0.17092068 0.20008336 0.25150972 0.24001988 0.24082944 0.28113238 0.28043329 0.26429419 0.24813138 0.2347772 0.22982952 0.22784426 0.22710973 0.22698059
0.11263132 0.11499238 0.11636117 0.11747413 0.12139658 0.12764286 0.13549321 0.15050615 0.14803522 0.14918674 0.17764155 0.18442223 0.19137708 0.18651583 0.19811279 0.18080532 0.19471313 0.19672886 0.20222595 0.19322932 0.19615964 0.21579243 0.1874051 0.18746519 0.18181857 0.18426013 0.18623396 0.1840071 0.16950374 0.15929717 0.15811925 0.16125603 0.16227461 0.15715594 0.16772724 0.16248122 0.16241233 0.16925149 0.18053334 0.15287255 0.18436577 0.16400215 0.17314331 0.18642724 0.17231966 0.234643 0.24386043 0.24601955 0.24132735 0.24478494 0.2672935 0.24519761 0.23308174 0.22978886 0.22855733 0.22819161 0.22826141
0.11328647 0.12159082 0.11935449 0.11842055 0.12246614 0.1274295 0.13238544 0.1406924 0.16053011 0.16100124 0.17622075 0.17527041 0.19784827 0.21927981 0.19340911 0.19233954 0.21099234 0.20882076 0.23064071 0.20898963 0.19844817 0.20024401 0.20541347 0.18661244 0.18732157 0.18744635 0.18763709 0.1732023 0.1632166 0.16099723 0.16072279 0.15908573 0.15754962 0.15724796 0.15617084 0.16021845 0.15743184 0.16437411 0.1721042 0.16653399 0.19030146 0.16572494 0.18022669 0.17596187 0.15913933 0.18761662 0.26272042 0.20680177 0.22507549 0.22280309 0.22806358 0.23256724 0.23064851 0.22957038 0.22923095 0.22929219 0.22958604
0.11339469 0.11494643 0.11709539 0.11896173 0.12490773 0.13020187 0.13673388 0.15749393 0.16681425 0.16860726 0.18390994 0.18883474 0.20560009 0.1973626 0.17854861 0.20440938 0.2231605 0.18720551 0.19900773 0.20318741 0.20059071 0.21269805 0.20058621 0.19604868 0.20417159 0.19269358 0.16954745 0.15903788 0.15884712 0.16616031 0.16563093 0.15877834 0.15585993 0.1551888 0.15864898 0.1673697 0.16860001 0.16748695 0.19527812 0.18344758 0.16972871 0.17658285 0.18897724 0.15537039 0.18637637 0.19110902 0.20385914 0.21445159 0.21676096 0.2075853 0.2213618 0.22695633 0.22911647 0.22969353 0.23008878 0.23051904 0.23101042
0.11408623 0.1164849 0.11879087 0.1219911 0.13971302 0.15333394 0.15528917 0.16477164 0.17111555 0.17743124 0.18281032 0.18827487 0.19023342 0.1844134 0.18919525 0.20866353 0.19343304 0.19820996 0.2231453 0.2023865 0.21585948 0.1977399 0.21029615 0.21193811 0.20224616 0.18001975 0.16351259 0.16443944 0.15927144 0.16540319 0.16983274 0.16125885 0.15951911 0.16469595 0.16027832 0.17454014 0.17827187 0.18232633 0.18504718 0.15941989 0.16433165 0.16421779 0.19508178 0.19595612 0.19964155 0.19575801 0.17237204 0.19613121 0.20421072 0.21753742 0.2233854 0.22714769 0.22932794 0.2305025 0.23129699 0.23196004 0.23258351
0.11364689 0.11647482 0.1189129 0.12373691 0.14153945 0.1635711 0.17171055 0.17003206 0.17594199 0.17813961 0.18954737 0.18638612 0.21598529 0.18203289 0.19324051 0.20477449 0.19541329 0.20212505 0.20862134 0.23602393 0.21685521 0.20514482 0.23629914 0.20195155 0.20949863 0.17252956 0.15895632 0.16892198 0.16232126 0.15990414 0.15883647 0.1576643 0.16056335 0.16257533 0.15979385 0.16185094 0.16634719 0.16858021 0.18498583 0.16701003 0.15922893 0.17451915 0.22678139 0.19086156 0.18626073 0.16451425 0.17659931 0.20802273 0.1918786 0.22698883 0.2267876 0.22903796 0.23080326 0.23201363 0.23291357 0.23366027 0.23433548
0.11407556 0.11722104 0.11852281 0.12363022 0.14143716 0.16076134 0.16820336 0.17360687 0.17563382 0.17705927 0.18367651 0.20000457 0.18363664 0.19356289 0.20114208 0.20521093 0.21113583 0.19255716 0.19723235 0.20091521 0.21941928 0.19532963 0.2063925 0.25092448 0.23717073 0.20001905 0.1717965 0.17341204 0.17528475 0.16257261 0.1582955 0.15906409 0.16005335 0.1617821 0.16396603 0.16207255 0.1648838 0.1684381 0.18132492 0.18995697 0.17450543 0.16290922 0.17098149 0.18801576 0.21965194 0.18886318 0.20896031 0.19593957 0.21821481 0.22615207 0.23005869 0.23188179 0.23313794 0.23411063 0.23491668 0.2356238 0.23627543
0.11649073 0.11929631 0.13500166 0.13179516 0.14765308 0.16191025 0.1647349 0.17239098 0.18311484 0.17989536 0.18180205 0.19747163 0.18272128 0.19190906 0.19089355 0.22093147 0.20117718 0.19915883 0.18798858 0.22628708 0.21569836 0.21088226 0.21645072 0.21371708 0.21542963 0.22192925 0.21626054 0.20295003 0.17551446 0.16442536 0.16174169 0.16680458 0.17102217 0.17367284 0.1791573 0.17975268 0.18118202 0.18907196 0.20704104 0.19351101 0.19475121 0.1769117 0.19350722 0.18040775 0.21282108 0.18634681 0.20253149 0.23279932 0.23106613 0.2352616 0.23606806 0.23580403 0.23612209 0.23666256 0.23724826 0.23782838 0.23839606
0.12093579 0.14620455 0.15488482 0.15256838 0.15550011 0.1594768 0.16074928 0.16751852 0.1821699 0.18888566 0.1901212 0.21157545 0.18668223 0.1937252 0.20998548 0.21181782 0.22195822 0.19452641 0.2193373 0.20677284 0.2167235 0.21156202 0.23802214 0.20978848 0.19894844 0.20004502 0.21927481 0.20463434 0.18936798 0.16896369 0.1631187 0.16501191 0.16667118 0.1705428 0.18362318 0.19726933 0.19714877 0.21644713 0.23673047 0.22389694 0.21839225 0.20942193 0.20596459 0.20633201 0.22032293 0.24899782 0.25282423 0.29653283 0.24435803 0.27976905 0.24610818 0.24038301 0.23949167 0.23953211 0.2398401 0.24024052 0.24068066
0.15594689 0.15195059 0.15718683 0.15958475 0.16201306 0.16455723 0.1668983 0.17143879 0.1781171 0.18459019 0.18697918 0.18033454 0.18022528 0.1969693 0.19135562 0.18386161 0.20593293 0.18264193 0.19221566 0.18311108 0.20925621 0.24770585 0.20173972 0.19239688 0.19099097 0.19856595 0.20213439 0.21986101 0.18836576 0.1688385 0.15897714 0.16145768 0.16700995 0.17828851 0.19320769 0.19830016 0.19774497 0.20544781 0.22222583 0.24162004 0.24942396 0.24256916 0.20817399 0.22430607 0.23024637 0.24015 0.23543567 0.25037491 0.24532256 0.29076786 0.25157926 0.2444309 0.24294596 0.24260453 0.24263475 0.2428275 0.24310946
0.14945085 0.14942889 0.15001864 0.1594315 0.17051395 0.17241637 0.1751332 0.1805963 0.18170575 0.179197 0.18189205 0.18334105 0.18296198 0.20100368 0.1819235 0.18372575 0.19395326 0.19761004 0.18752071 0.22656777 0.24731264 0.26932388 0.21757485 0.23238645 0.22127651 0.20974667 0.23716958 0.21327922 0.1854938 0.1825406 0.17773273 0.17547861 0.17856147 0.17996491 0.18542614 0.19811662 0.20396216 0.20541244 0.21576206 0.23094161 0.25425768 0.23623167 0.23196694 0.24270421 0.23660841 0.25294421 0.3021547 0.28003842 0.25124187 0.253688 0.25084732 0.24775377 0.24644969 0.2458494 0.24560216 0.24556413 0.24566316
0.16632801 0.15289129 0.14706006 0.15080585 0.16844804 0.17400977 0.18289711 0.1936593 0.19256312 0.18372813 0.18358662 0.17736131 0.18541583 0.19339881 0.18830291 0.19005075 0.20424624 0.25354954 0.23103754 0.21699864 0.25130134 0.20710098 0.20040126 0.20709931 0.21824212 0.24753569 0.22293423 0.24284275 0.1833012 0.17520457 0.17829697 0.17986037 0.1757207 0.17413883 0.18256659 0.19726484 0.20592519 0.21587809 0.22542428 0.23281129 0.23255355 0.23278747 0.27058221 0.25788272 0.24221076 0.25819031 0.28038352 0.21044909 0.21554715 0.25161856 0.25320899 0.25172902 0.25028615 0.24931326 0.24873284 0.2484304 0.2483229
0.15144598 0.15528853 0.16216285 0.17478499 0.17258044 0.17291787 0.17840673 0.18253645 0.18256576 0.18098396 0.17646903 0.18246268 0.18887323 0.19138024 0.19330118 0.18659757 0.22168029 0.21195951 0.23264692 0.24344174 0.25843002 0.2020331 0.21819918 0.24014027 0.22485573 0.25098038 0.22595308 0.23808296 0.18262943 0.1621569 0.16659638 0.18083502 0.18137348 0.1769618 0.17647317 0.17991599 0.18889242 0.20263555 0.21800041 0.21688379 0.22170299 0.24831501 0.26182544 0.24676537 0.25628859 0.25040914 0.20229745 0.2088639 0.29055111 0.26596056 0.26170111 0.25734297 0.25465301 0.25301405 0.2520073 0.25140247 0.25106791
