landslides_training_model/shapes/shapes_mean/random_forest_mean_suc.tif
NCOLS 441
NROWS 451
XLLCORNER -92.213079
YLLCORNER 13.747265
DX 0.0090151111
DY 0.0090031242
NODATA_VALUE -9999
[rows 150 to 174 of 451, columns 171 to 227 of 441]
0.14885421 0.14622262 0.14350362 0.14078105 0.13831688 0.136438 0.13515549 0.13414998 0.13313302 0.131952 0.13053408 0.1289174 0.1271534 0.1250607 0.12204348 0.11780323 0.11520552 0.1136725 0.11021426 0.10501953 0.099720882 0.093264853 0.074241042 0.074152438 0.080380585 0.049084498 0.052491809 0.043053268 0.039041289 0.038332177 0.036342592 0.04313453 0.049512106 0.053360822 0.061214653 0.072443143 0.110108 0.11290022 0.11658337 0.10102155 0.093982668 0.095915286 0.095665282 0.092104956 0.090097996 0.089450952 0.098187202 0.11199718 0.1253545 0.14390209 0.10298231 0.086773125 0.059459944 0.057657388 0.065549257 0.078698143 0.060754956
0.15211703 0.14971058 0.14730286 0.14495988 0.14278911 0.1408851 0.13924523 0.13776824 0.13633387 0.13485398 0.13327759 0.13158175 0.12973637 0.12766039 0.1252592 0.12261745 0.12006797 0.11741457 0.1141051 0.10984186 0.1042254 0.095900091 0.082150353 0.079585693 0.07154145 0.10054824 0.043355896 0.039893954 0.038412666 0.062043606 0.046883281 0.044538553 0.066205126 0.050257509 0.060997603 0.064634768 0.076002157 0.090585337 0.094172918 0.10198114 0.0912562 0.083722799 0.082041253 0.080111676 0.081274895 0.085486974 0.080813322 0.085798168 0.086973374 0.12149264 0.12809731 0.10988698 0.08083616 0.06574614 0.067315415 0.06726213 0.067450653
0.15523761 0.15298149 0.15074868 0.14857822 0.14651695 0.14459791 0.14281729 0.14113435 0.13949348 0.13784425 0.13614814 0.13437508 0.13249406 0.13046869 0.12827502 0.12592898 0.12344306 0.12069365 0.11738923 0.11287628 0.10326477 0.086438738 0.089993492 0.085549821 0.085931456 0.06854756 0.066386456 0.044229803 0.042352895 0.049823752 0.043462404 0.042379895 0.051545379 0.051349717 0.054708867 0.063425203 0.067922991 0.079433553 0.083646409 0.083101953 0.081371795 0.084851776 0.082461169 0.076613147 0.0768115 0.076460763 0.077598045 0.077796119 0.086474628 0.090364457 0.098089571 0.091413544 0.084654211 0.066480909 0.065466907 0.045668726 0.093234429
0.15822247 0.15606634 0.15393682 0.1518561 0.14984624 0.14792036 0.14607515 0.14429081 0.14253825 0.14078699 0.1390092 0.13717975 0.1352745 0.13327047 0.1311492 0.12889466 0.12646903 0.12376819 0.12055275 0.1161296 0.10668014 0.093484818 0.10028483 0.091416405 0.071517362 0.080405633 0.078226457 0.084866557 0.076689529 0.054688639 0.10417208 0.052684879 0.056174482 0.047088296 0.054433012 0.057244548 0.066139914 0.099242924 0.096964 0.086917232 0.080424434 0.079657454 0.082193131 0.082542919 0.080281194 0.082372802 0.089741427 0.078588539 0.087903641 0.086738732 0.11009901 0.11274725 0.084847419 0.066730959 0.060586651 0.066394433 0.044449706
0.16108364 0.15899522 0.15693025 0.15490151 0.15292008 0.15099156 0.14911317 0.14727366 0.14545599 0.14364057 0.14180755 0.13993765 0.13801213 0.13601281 0.13392136 0.13171473 0.12935313 0.12675967 0.12378164 0.12007216 0.11474341 0.11013729 0.10820983 0.10365716 0.099430222 0.098323853 0.096758656 0.094478067 0.075995576 0.077962553 0.08941209 0.090027859 0.045208608 0.04756708 0.060144858 0.062392421 0.10181316 0.11678736 0.096558531 0.083441008 0.082354947 0.0904118 0.088391337 0.080139011 0.076082683 0.07726755 0.08381793 0.087048036 0.076039445 0.08814804 0.073391398 0.11129338 0.070009452 0.060234489 0.064229295 0.040510261 0.05905112
0.16383334 0.16179176 0.15976905 0.15777272 0.1558086 0.15387903 0.15198162 0.15010916 0.14825063 0.14639276 0.1445212 0.1426213 0.14067831 0.13867721 0.13660163 0.13443105 0.13213567 0.12966985 0.12696622 0.12394595 0.12064446 0.11750907 0.11464608 0.11170658 0.10899764 0.10669388 0.10437555 0.10130853 0.097147594 0.096560219 0.092036407 0.077532437 0.046340238 0.054836262 0.057375246 0.066296938 0.07660963 0.11472046 0.1103867 0.094337587 0.080371427 0.08155365 0.080229138 0.07963007 0.084172173 0.08428494 0.076610865 0.072505327 0.078923708 0.072326872 0.071286327 0.07578874 0.056590019 0.13932976 0.094274913 0.043889798 0.068179645
0.16648202 0.16447339 0.16247918 0.16050386 0.15855054 0.15662002 0.15471017 0.15281589 0.15092953 0.14904159 0.14714149 0.14521801 0.14325951 0.14125387 0.13918788 0.1370461 0.13480957 0.1324557 0.12996288 0.12732811 0.12460397 0.12189913 0.11926183 0.1166803 0.11418673 0.11176198 0.10924982 0.10641061 0.10304026 0.098166802 0.064467467 0.075375385 0.070169882 0.088296539 0.077645862 0.069786009 0.084932758 0.092635688 0.099466974 0.082235493 0.087277732 0.081617983 0.074405636 0.072236799 0.072433149 0.070931978 0.067270657 0.062495525 0.061508208 0.059646879 0.064756655 0.068811416 0.065689918 0.066356479 0.11532808 0.073893407 0.047123057
0.16903802 0.16705272 0.16507791 0.16311625 0.16116932 0.15923711 0.15731769 0.15540716 0.15349986 0.15158872 0.14966569 0.14772208 0.14574875 0.14373616 0.14167425 0.1395523 0.1373592 0.13508494 0.13272493 0.13028763 0.12780134 0.12530521 0.12282473 0.12036593 0.11792074 0.11544704 0.1128471 0.10995974 0.10646291 0.10098365 0.077236107 0.082654968 0.083442895 0.090961349 0.078995299 0.074255402 0.092877802 0.091178271 0.0856094 0.074110396 0.072617575 0.075896481 0.072536844 0.072744502 0.071134685 0.064646828 0.062030346 0.059239567 0.058126319 0.059493576 0.068497526 0.1672169 0.091106585 0.09625752 0.098841737 0.072067307 0.079756496
0.17150781 0.16953889 0.16757709 0.1656239 0.16368 0.16174491 0.15981684 0.15789262 0.15596782 0.15403694 0.15209369 0.15013121 0.14814228 0.14611946 0.14405522 0.14194219 0.13977381 0.13754569 0.13525781 0.1329171 0.13053774 0.12813619 0.12572289 0.12329633 0.12083806 0.11830249 0.11560184 0.1125785 0.10892385 0.10391704 0.097118798 0.062369 0.090930874 0.066651129 0.10921844 0.08553629 0.10948567 0.07765437 0.077720971 0.089330398 0.082376296 0.070792641 0.068894986 0.073826273 0.071455245 0.06283955 0.059878734 0.059208589 0.059093036 0.060874151 0.072026969 0.097882815 0.065806881 0.070393986 0.045909984 0.053093195 0.097851098
0.17389628 0.17193855 0.169985 0.16803639 0.16609278 0.16415341 0.16221655 0.16027948 0.15833854 0.15638927 0.15442657 0.15244487 0.15043835 0.14840105 0.14632716 0.14421133 0.14204918 0.13983818 0.13757856 0.13527392 0.13293042 0.13055394 0.12814584 0.12569826 0.12318818 0.12056714 0.11773893 0.1144993 0.11036124 0.10399654 0.066152712 0.095882882 0.097119606 0.086201243 0.080736977 0.088312599 0.084749454 0.079843364 0.089274253 0.094128244 0.084375895 0.069718006 0.064788641 0.065011904 0.063509443 0.060968088 0.059920125 0.06048909 0.064520564 0.06325224 0.063605152 0.07758833 0.076977262 0.087234486 0.047280132 0.042220803 0.060121136
0.17620707 0.17425652 0.17230758 0.17036046 0.16841481 0.16646965 0.16452327 0.1625732 0.16061626 0.15864863 0.15666599 0.15466362 0.15263658 0.15057989 0.14848868 0.14635852 0.14418575 0.14196788 0.13970392 0.13739429 0.13504001 0.13264087 0.13019286 0.12768451 0.12509129 0.1223643 0.11940071 0.11593584 0.11081444 0.092486205 0.079784141 0.069130197 0.098696538 0.087404265 0.092967463 0.085175326 0.073877338 0.09295764 0.095620535 0.095614054 0.086982834 0.071729219 0.065197615 0.064264729 0.062869565 0.06131665 0.062026088 0.065782899 0.068625186 0.071672152 0.084354769 0.071351592 0.080497349 0.06381123 0.046526352 0.060535407 0.053056615
0.17844283 0.17649629 0.17454906 0.17260092 0.17065123 0.16869879 0.16674186 0.16477809 0.16280454 0.16081778 0.15881392 0.15678872 0.15473774 0.15265643 0.15054028 0.14838502 0.14618676 0.14394216 0.1416484 0.13930294 0.13690285 0.13444364 0.13191771 0.1293119 0.126603 0.12374771 0.12065833 0.11713102 0.11257777 0.10585645 0.078491891 0.064913595 0.10029918 0.10067128 0.10355528 0.10232336 0.074086428 0.1041569 0.10629431 0.086044731 0.082147822 0.072278385 0.077447086 0.072192235 0.065865829 0.064829932 0.065214994 0.066528332 0.06407082 0.062253479 0.069816292 0.063752715 0.060058093 0.094882608 0.049104053 0.03803678 0.043648985
0.1806054 0.17866035 0.17671248 0.17476127 0.17280577 0.17084464 0.16887601 0.16689755 0.16490641 0.1628993 0.16087251 0.15882199 0.15674344 0.15463233 0.15248404 0.15029388 0.14805716 0.14576909 0.14342465 0.1410182 0.13854292 0.13599012 0.13334854 0.13060346 0.12773436 0.1247073 0.12145658 0.11785748 0.11372113 0.10874807 0.10319538 0.099515003 0.063739628 0.10459727 0.081358856 0.14350843 0.076306939 0.092307077 0.088351932 0.090080238 0.095013303 0.079153637 0.079636765 0.071943004 0.067005942 0.069727208 0.071644849 0.068768851 0.061489178 0.062059082 0.069815095 0.07880597 0.084722595 0.05201465 0.06842409 0.037965817 0.034008035
0.18269597 0.18075036 0.17879996 0.17684395 0.17488117 0.17291005 0.1709286 0.16893437 0.16692449 0.16489563 0.16284406 0.16076566 0.15865597 0.15651017 0.15432315 0.15208939 0.14980293 0.14745713 0.14504428 0.1425551 0.13997802 0.13729847 0.13449876 0.13155913 0.12845988 0.12517804 0.12165768 0.11772952 0.11300907 0.10740181 0.089518428 0.10119184 0.099438465 0.086996325 0.0683185 0.073128342 0.077989185 0.077835182 0.089007349 0.090391282 0.09068962 0.074483432 0.067887521 0.065931348 0.082702315 0.087499237 0.07386835 0.068393637 0.06953139 0.064685033 0.071503757 0.10054717 0.08460957 0.066725019 0.054553927 0.042300057 0.072977609
0.18471514 0.18276731 0.18081285 0.17885067 0.17687936 0.17489714 0.17290184 0.17089083 0.16886108 0.1668091 0.16473095 0.16262225 0.16047812 0.15829323 0.15606163 0.15377668 0.15143081 0.14901508 0.1465186 0.1439276 0.14122403 0.13838394 0.13537612 0.13216358 0.12871439 0.125024 0.12108433 0.11661265 0.10982913 0.083208827 0.092024259 0.074339621 0.072371672 0.089742679 0.090010755 0.079523536 0.092474954 0.074675069 0.088073711 0.082744735 0.087555154 0.072035575 0.067754135 0.065026933 0.069849741 0.071877858 0.071792825 0.077008542 0.076266842 0.071746096 0.080690561 0.081993198 0.089809826 0.053575667 0.04413326 0.037582838 0.043724614
0.186663 0.18471166 0.18275192 0.18078247 0.17880165 0.17680744 0.17479743 0.17276878 0.17071818 0.16864188 0.16653557 0.16439444 0.16221305 0.15998526 0.1577041 0.15536154 0.15294807 0.15045216 0.14785922 0.14515007 0.14229823 0.13926554 0.13599504 0.13240149 0.12837521 0.12388841 0.11923152 0.11439822 0.10712696 0.07832147 0.072267452 0.065437476 0.08653911 0.059364255 0.068028139 0.074854519 0.095032082 0.072255777 0.08140731 0.094253341 0.080296923 0.06959244 0.066382377 0.064126113 0.064051197 0.066024403 0.06847369 0.074576586 0.078791367 0.066172781 0.064955284 0.062427097 0.061797751 0.058561023 0.052080573 0.038634475 0.033967699
0.18853915 0.18658328 0.18461736 0.18263983 0.18064877 0.17864192 0.1766166 0.17456967 0.17249751 0.17039596 0.16826027 0.16608504 0.16386409 0.16159033 0.15925557 0.15685013 0.15436238 0.15177789 0.14907808 0.14623777 0.14322085 0.13997137 0.13639427 0.13230784 0.12730887 0.12054979 0.11351861 0.10892082 0.10394894 0.093685687 0.072401384 0.069886704 0.0781457 0.089349898 0.092109717 0.080004689 0.092316225 0.077813687 0.081412958 0.086471968 0.08308357 0.071492646 0.067674417 0.066866855 0.065992403 0.067509498 0.07295105 0.077338274 0.07433266 0.069763772 0.064322366 0.074095687 0.074641868 0.053961676 0.047195411 0.039641238 0.03420943
0.19034271 0.18838159 0.18640885 0.18442269 0.18242094 0.18040108 0.17836012 0.17629458 0.17420045 0.17207312 0.16990728 0.16769681 0.16543468 0.16311269 0.16072123 0.15824884 0.15568153 0.15300181 0.15018694 0.14720587 0.14401326 0.14053648 0.13664366 0.13204905 0.12591475 0.11278747 0.076152438 0.076654747 0.073538909 0.07387407 0.08115044 0.06618977 0.052079431 0.063322843 0.054853829 0.064706099 0.082558107 0.081018065 0.073941829 0.07835503 0.079341661 0.079007538 0.080048029 0.073428926 0.079256771 0.078189707 0.074535945 0.081672987 0.093936685 0.089321629 0.062763217 0.061173935 0.064545995 0.051327653 0.04959826 0.039965851 0.037543211
0.19207233 0.19010547 0.18812552 0.18613045 0.18411786 0.1820849 0.18002828 0.17794415 0.17582805 0.17367486 0.1714786 0.1692324 0.16692821 0.1645566 0.1621064 0.15956413 0.1569133 0.15413314 0.1511967 0.14806739 0.14469243 0.14098858 0.13680612 0.13182265 0.12518594 0.11458293 0.10163715 0.081342726 0.074847782 0.060563454 0.061606625 0.057207108 0.05994989 0.073350761 0.1022489 0.07896209 0.089679097 0.079489806 0.094888025 0.083534185 0.092392104 0.074049295 0.073542448 0.073049552 0.076809089 0.089932486 0.094681066 0.099617005 0.10438607 0.085532954 0.062543071 0.059821859 0.053871789 0.050014337 0.045980849 0.041648213 0.035246796
0.19372612 0.19175326 0.18976596 0.18776198 0.18573864 0.18369282 0.18162087 0.17951854 0.17738092 0.17520228 0.17297596 0.17069421 0.1683479 0.16592624 0.16341632 0.16080246 0.15806538 0.15518071 0.15211693 0.1488317 0.1452656 0.1413298 0.13687746 0.13161524 0.12469967 0.11056366 0.076664091 0.079555354 0.068089929 0.097980506 0.079927306 0.071771158 0.053264689 0.11606726 0.084165643 0.082918493 0.082882365 0.079759025 0.11698831 0.10723333 0.084423568 0.072540612 0.072441037 0.073808878 0.084716823 0.087324441 0.083192332 0.081248862 0.082064206 0.077189666 0.063819878 0.059106097 0.055978984 0.050799078 0.045826726 0.043525218 0.037257646
0.19530165 0.19332273 0.19132819 0.18931553 0.18728184 0.18522369 0.18313709 0.18101737 0.17885913 0.17665602 0.17440064 0.1720843 0.16969671 0.1672256 0.16465614 0.16197026 0.15914548 0.15615328 0.15295662 0.1495057 0.14573108 0.14153258 0.13676219 0.13119203 0.12440449 0.11516133 0.10410439 0.088201565 0.074030751 0.075719743 0.07482358 0.057582377 0.053106185 0.071073968 0.085829897 0.058906901 0.071295132 0.082807215 0.092131211 0.082703072 0.074605377 0.076232616 0.076101936 0.071197672 0.072894593 0.073924566 0.072119986 0.073648631 0.074665544 0.069096419 0.064208109 0.058991754 0.0557427 0.052082329 0.048401067 0.045535043 0.038122368
0.19679588 0.19481103 0.19280952 0.19078867 0.18874529 0.18667568 0.18457547 0.18243961 0.18026214 0.17803611 0.17575336 0.17340421 0.17097715 0.16845831 0.16583085 0.16307396 0.16016157 0.15706024 0.15372592 0.15009813 0.14608905 0.14156222 0.13629732 0.12995467 0.12199454 0.11398799 0.1078724 0.10041863 0.082268824 0.076864256 0.09250319 0.083731482 0.063780938 0.041974568 0.063564897 0.057976362 0.090083616 0.074602301 0.096479621 0.081143207 0.078670765 0.073627326 0.073962553 0.072385882 0.069712912 0.071658807 0.072123074 0.070779635 0.06791224 0.065818502 0.065979991 0.058894167 0.059515646 0.066693657 0.050995428 0.045276294 0.04718868
0.19820505 0.19621456 0.19420659 0.19217824 0.19012611 0.18804619 0.18593379 0.18378343 0.18158864 0.17934187 0.17703414 0.17465482 0.17219112 0.16962754 0.16694506 0.16411994 0.16112205 0.15791219 0.15443779 0.15062459 0.14635813 0.14143171 0.1353731 0.12702533 0.11290514 0.089603877 0.084872395 0.098671584 0.073848835 0.062873637 0.06165112 0.060176762 0.038989489 0.03583264 0.033998886 0.050976352 0.066097731 0.1044859 0.072410946 0.090035742 0.08433303 0.067632987 0.07294716 0.068578513 0.06887271 0.070686468 0.069698716 0.071635955 0.071864267 0.066911992 0.063255771 0.060017841 0.057793085 0.053064248 0.051511997 0.045766861 0.044145058
0.19952465 0.19752895 0.19551516 0.19348022 0.1914205 0.18933174 0.18720891 0.18504612 0.18283643 0.18057165 0.17824208 0.1758361 0.17333969 0.1707357 0.16800287 0.16511439 0.16203567 0.15872107 0.15510819 0.15110749 0.14657833 0.14125353 0.13434719 0.1194026 0.10188142 0.10565627 0.090840454 0.081395489 0.077017239 0.080910384 0.077188198 0.058092984 0.042443466 0.0327861 0.036335416 0.041120193 0.078921916 0.099544659 0.086906505 0.093247837 0.073750059 0.070253794 0.072695796 0.070943013 0.071105652 0.073669617 0.073703855 0.079257656 0.080148816 0.070280032 0.061591668 0.058951164 0.05707975 0.052801861 0.049770536 0.049329845 0.04426606
0.20074928 0.19874888 0.19673006 0.19468961 0.1926237 0.19052782 0.18839664 0.18622389 0.18400218 0.18172274 0.17937517 0.17694692 0.17442282 0.17178413 0.16900745 0.16606285 0.16291117 0.15949976 0.15575521 0.15157082 0.14678188 0.14110987 0.13400142 0.1242378 0.11493883 0.10808639 0.1002091 0.088485132 0.079737156 0.080763135 0.070764848 0.079637422 0.080440039 0.033774725 0.037112027 0.056792861 0.079782783 0.08180399 0.098261229 0.079531844 0.072229917 0.066320413 0.071008472 0.069120966 0.086170787 0.077362498 0.071933257 0.07344976 0.075310804 0.070672203 0.062338733 0.060517698 0.060076912 0.054474016 0.050523248 0.049094664 0.044405317
