landslides_training_model/shapes/shapes_mean/random_forest_mean_suc.tif
NCOLS 441
NROWS 451
XLLCORNER -92.213079
YLLCORNER 13.747265
DX 0.0090151111
DY 0.0090031242
NODATA_VALUE -9999
[rows 350 to 374 of 451, columns 342 to 398 of 441]
0.37348174 0.37580747 0.37741455 0.37851264 0.37923442 0.37967106 0.37988779 0.37993249 0.37984098 0.37964055 0.37935234 0.37899292 0.37857551 0.37811075 0.37760729 0.37707226 0.37651157 0.37593015 0.37533214 0.37472106 0.37409988 0.37347114 0.37283702 0.37219937 0.3715598 0.37091967 0.37028019 0.36964235 0.36900704 0.36837502 0.36774691 0.36712328 0.36650458 0.36589121 0.36528349 0.36468171 0.36408609 0.3634968 0.36291399 0.36233776 0.36176819 0.36120534 0.36064923 0.36009986 0.35955724 0.35902132 0.35849208 0.35796945 0.35745337 0.35694378 0.35644059 0.35594371 0.35545305 0.35496852 0.35449 0.35401741 0.35355063
0.37725809 0.37813069 0.37883856 0.37936305 0.37971131 0.37990139 0.3799542 0.37988996 0.37972681 0.37948044 0.37916424 0.37878952 0.37836582 0.37790121 0.37740249 0.37687548 0.37632508 0.37575553 0.37517042 0.37457288 0.37396557 0.3733508 0.37273059 0.37210665 0.37148051 0.37085345 0.37022662 0.369601 0.36897745 0.36835669 0.36773936 0.36712601 0.36651712 0.36591307 0.36531421 0.36472082 0.36413315 0.36355138 0.36297567 0.36240614 0.36184289 0.36128598 0.36073546 0.36019135 0.35965365 0.35912235 0.35859744 0.35807886 0.35756657 0.35706051 0.35656062 0.35606682 0.35557902 0.35509715 0.35462112 0.35415082 0.35368617
0.38143829 0.38065082 0.38039095 0.3803115 0.38026812 0.38019833 0.38007648 0.37989435 0.37965198 0.37935325 0.37900361 0.37860892 0.37817495 0.37770706 0.37721015 0.3766886 0.3761463 0.37558669 0.37501282 0.37442736 0.37383265 0.37323074 0.37262347 0.3720124 0.37139895 0.37078432 0.3701696 0.36955571 0.36894349 0.36833365 0.3677268 0.36712349 0.36652419 0.3659293 0.36533916 0.36475406 0.36417426 0.36359995 0.36303131 0.36246848 0.36191155 0.3613606 0.36081571 0.3602769 0.35974419 0.35921758 0.35869707 0.35818263 0.35767422 0.35717179 0.3566753 0.35618467 0.35569984 0.35522074 0.35474729 0.3542794 0.35381699
0.38548264 0.38309904 0.38191298 0.3812567 0.38083758 0.38051612 0.38022295 0.37992339 0.37960067 0.37924763 0.37886222 0.37844515 0.37799854 0.37752514 0.37702796 0.37650997 0.37597405 0.37542285 0.37485883 0.3742842 0.37370098 0.37311096 0.37251575 0.37191678 0.37131534 0.37071254 0.37010939 0.36950679 0.3689055 0.36830623 0.36770957 0.36711605 0.36652613 0.36594022 0.36535866 0.36478174 0.36420972 0.36364282 0.36308121 0.36252504 0.36197442 0.36142946 0.36089022 0.36035674 0.35982907 0.35930721 0.35879117 0.35828093 0.35777647 0.35727776 0.35678475 0.3562974 0.35581564 0.3553394 0.35486864 0.35440326 0.35394319
0.38884169 0.38518986 0.38324223 0.38209878 0.38135476 0.38081089 0.38036319 0.37995557 0.37955745 0.37915236 0.37873187 0.37829217 0.37783213 0.37735215 0.37685349 0.37633783 0.37580706 0.3752631 0.37470782 0.37414302 0.37357036 0.37299137 0.37240746 0.3718199 0.37122984 0.37063832 0.37004626 0.3694545 0.36886377 0.36827473 0.36768797 0.36710399 0.36652325 0.36594613 0.365373 0.36480414 0.36423982 0.36368025 0.36312562 0.36257608 0.36203177 0.36149278 0.3609592 0.36043109 0.35990849 0.35939142 0.3588799 0.35837393 0.3578735 0.35737858 0.35688913 0.35640513 0.35592652 0.35545325 0.35498525 0.35452248 0.35406485
0.39112637 0.38670183 0.38424853 0.38275621 0.38176579 0.38104564 0.38047103 0.37997204 0.37950853 0.37905728 0.37860499 0.3781443 0.37767146 0.37718488 0.37668434 0.37617037 0.37564401 0.37510648 0.37455914 0.37400336 0.3734405 0.37287183 0.37229855 0.37172179 0.37114256 0.37056181 0.36998039 0.36939907 0.36881854 0.36823942 0.36766227 0.36708759 0.36651581 0.36594733 0.36538247 0.36482155 0.36426482 0.3637125 0.36316479 0.36262185 0.36208381 0.36155079 0.36102288 0.36050014 0.35998264 0.3594704 0.35896345 0.3584618 0.35796545 0.35747438 0.35698857 0.356508 0.35603261 0.35556238 0.35509725 0.35463716 0.35418205
0.39210841 0.38752299 0.3848597 0.38317898 0.38203487 0.38119415 0.380527 0.37995816 0.3794428 0.3789539 0.37847509 0.37799657 0.3775127 0.37702041 0.37651827 0.37600591 0.37548361 0.37495204 0.37441209 0.37386475 0.3733111 0.37275216 0.37218896 0.37162247 0.37105358 0.37048315 0.36991195 0.36934069 0.36877002 0.36820053 0.36763273 0.36706711 0.36650409 0.36594405 0.36538733 0.36483421 0.36428497 0.36373982 0.36319897 0.36266257 0.36213078 0.36160371 0.36108146 0.36056411 0.36005172 0.35954433 0.35904199 0.3585447 0.35805248 0.35756532 0.35708321 0.35660612 0.35613404 0.35566692 0.35520472 0.3547474 0.3542949
0.39192521 0.38767937 0.38507112 0.38335381 0.3821474 0.38124301 0.38051958 0.37990435 0.37935247 0.37883594 0.37833712 0.37784497 0.37735269 0.37685622 0.37635332 0.37584292 0.37532472 0.37479892 0.37426603 0.37372673 0.37318183 0.37263217 0.37207859 0.37152192 0.37096295 0.37040244 0.36984109 0.36927955 0.36871842 0.36815826 0.36759956 0.36704278 0.36648832 0.36593655 0.36538781 0.36484238 0.36430051 0.36376245 0.36322838 0.36269847 0.36217289 0.36165174 0.36113514 0.36062317 0.3601159 0.35961339 0.35911568 0.35862279 0.35813474 0.35765154 0.35717317 0.35669964 0.35623091 0.35576697 0.35530777 0.35485329 0.35440347
0.39092625 0.38730205 0.38493495 0.38330019 0.38210858 0.38119118 0.38044521 0.37980626 0.37923321 0.37869944 0.37818765 0.37768657 0.37718899 0.37669034 0.37618789 0.37568012 0.37516631 0.37464633 0.37412037 0.37358887 0.37305242 0.37251168 0.37196734 0.37142011 0.37087069 0.37031974 0.36976791 0.36921578 0.36866391 0.36811282 0.36756297 0.36701481 0.36646872 0.36592506 0.36538414 0.36484626 0.36431167 0.36378059 0.36325323 0.36272976 0.36221033 0.36169508 0.36118411 0.36067751 0.36017537 0.35967775 0.35918469 0.35869622 0.35821238 0.35773317 0.3572586 0.35678867 0.35632336 0.35586265 0.35540652 0.35495494 0.35450786
0.38946904 0.38656469 0.38453616 0.38305991 0.38193851 0.38104764 0.38030709 0.37966419 0.3790839 0.3785427 0.37802479 0.37751956 0.37701995 0.37652132 0.37602076 0.37551649 0.37500758 0.37449362 0.37397461 0.37345079 0.37292259 0.3723905 0.37185511 0.37131702 0.37077683 0.37023514 0.36969252 0.36914951 0.36860663 0.36806436 0.36752315 0.3669834 0.36644549 0.36590977 0.36537654 0.36484608 0.36431865 0.36379447 0.36327374 0.36275664 0.36224332 0.36173392 0.36122856 0.36072732 0.3602303 0.35973757 0.35924917 0.35876515 0.35828554 0.35781036 0.35733962 0.35687333 0.35641148 0.35595406 0.35550105 0.35505243 0.35460817
0.38786458 0.38563666 0.38396791 0.38268455 0.38166568 0.38082785 0.38011333 0.37948203 0.37890605 0.37836592 0.37784809 0.37734316 0.37684468 0.37634828 0.37585111 0.37535133 0.3748479 0.37434029 0.37382836 0.3733122 0.37279212 0.3722685 0.37174183 0.37121262 0.37068139 0.37014868 0.36961501 0.36908087 0.36854673 0.36801306 0.36748026 0.36694873 0.36641883 0.36589088 0.36536519 0.36484203 0.36432165 0.36380427 0.3632901 0.3627793 0.36227204 0.36176845 0.36126866 0.36077277 0.36028086 0.359793 0.35930927 0.35882971 0.35835436 0.35788323 0.35741636 0.35695375 0.35649541 0.35604132 0.35559148 0.35514587 0.35470447
0.38632032 0.38465143 0.38331289 0.38222457 0.38132066 0.38055016 0.37987474 0.37926598 0.37870305 0.37817077 0.37765818 0.37715742 0.37666292 0.37617082 0.37567848 0.37518418 0.37468688 0.374186 0.37368132 0.37317286 0.37266084 0.37214557 0.37162744 0.37110689 0.3705844 0.37006044 0.36953547 0.36900996 0.36848435 0.36795906 0.36743447 0.36691098 0.36638891 0.36586858 0.36535029 0.3648343 0.36432086 0.36381019 0.36330248 0.36279792 0.36229666 0.36179884 0.36130459 0.36081401 0.36032719 0.35984422 0.35936516 0.35889006 0.35841898 0.35795193 0.35748895 0.35703005 0.35657525 0.35612453 0.3556779 0.35523535 0.35479686
0.38493601 0.38369513 0.38263339 0.3817224 0.38093147 0.38023276 0.37960294 0.37902333 0.37847936 0.3779599 0.37745654 0.37696308 0.37647496 0.37598893 0.37550273 0.37501484 0.37452428 0.37403051 0.3735333 0.37303263 0.37252865 0.37202163 0.37151189 0.37099984 0.37048588 0.36997046 0.36945398 0.36893689 0.3684196 0.36790248 0.36738593 0.36687029 0.36635589 0.36584304 0.36533201 0.36482307 0.36431647 0.3638124 0.36331108 0.36281268 0.36231736 0.36182526 0.3613365 0.36085121 0.36036947 0.35989136 0.35941696 0.35894634 0.35847953 0.35801657 0.3575575 0.35710234 0.35665111 0.3562038 0.35576042 0.35532097 0.35488543
0.3837414 0.38281306 0.38197007 0.38120951 0.38052099 0.37989167 0.3793089 0.37876145 0.37823984 0.37773641 0.37724512 0.3767613 0.37628143 0.37580295 0.37532399 0.3748433 0.37436004 0.37387376 0.37338423 0.37289143 0.37239549 0.37189665 0.37139519 0.37089148 0.37038589 0.36987881 0.36937064 0.36886177 0.36835259 0.36784348 0.36733478 0.36682682 0.36631994 0.36581441 0.36531052 0.36480851 0.36430863 0.36381108 0.36331606 0.36282374 0.3623343 0.36184786 0.36136457 0.36088452 0.36040783 0.35993457 0.35946483 0.35899867 0.35853614 0.35807729 0.35762214 0.35717074 0.3567231 0.35627923 0.35583913 0.35540282 0.35497027
0.38272958 0.38202249 0.38134561 0.38070678 0.38010614 0.37953977 0.37900207 0.37848707 0.37798919 0.37750355 0.37702607 0.3765535 0.37608326 0.37561342 0.37514257 0.37466973 0.37419424 0.37371575 0.37323408 0.37274923 0.37226135 0.37177063 0.37127735 0.37078185 0.37028446 0.36978556 0.36928551 0.36878469 0.36828346 0.36778216 0.36728114 0.36678072 0.3662812 0.36578286 0.36528597 0.36479077 0.3642975 0.36380637 0.36331757 0.36283127 0.36234763 0.36186681 0.36138892 0.36091409 0.36044242 0.35997399 0.35950889 0.35904719 0.35858894 0.35813419 0.35768299 0.35723536 0.35679133 0.35635092 0.35591414 0.35548099 0.35505147
0.38187773 0.38132403 0.38076988 0.38022634 0.37969828 0.37918661 0.37868996 0.37820591 0.37773162 0.37726434 0.37680156 0.37634117 0.37588144 0.37542102 0.37495891 0.3744944 0.37402704 0.37355658 0.37308291 0.37260609 0.37212625 0.3716436 0.37115841 0.37067099 0.37018167 0.36969079 0.3691987 0.36870576 0.3682123 0.36771866 0.36722516 0.36673211 0.36623981 0.36574852 0.36525851 0.36477001 0.36428325 0.36379844 0.36331577 0.36283541 0.36235752 0.36188225 0.36140972 0.36094007 0.36047338 0.36000976 0.35954928 0.35909203 0.35863805 0.35818741 0.35774015 0.35729631 0.35685591 0.35641897 0.35598552 0.35555557 0.35512911
0.38115867 0.3807098 0.38024463 0.379774 0.3793043 0.37883868 0.37837816 0.37792248 0.37747067 0.37702148 0.37657358 0.37612577 0.37567702 0.37522647 0.37477351 0.37431767 0.37385868 0.37339641 0.37293085 0.37246208 0.37199027 0.37151563 0.37103844 0.37055898 0.37007759 0.36959458 0.3691103 0.36862507 0.36813922 0.36765308 0.36716695 0.36668114 0.36619591 0.36571154 0.36522828 0.36474637 0.36426602 0.36378743 0.3633108 0.3628363 0.36236409 0.36189432 0.3614271 0.36096258 0.36050084 0.360042 0.35958613 0.3591333 0.3586836 0.35823706 0.35779374 0.35735369 0.35691693 0.35648349 0.35605339 0.35562665 0.35520328
0.38054642 0.3801685 0.37976703 0.37935132 0.37892768 0.37850003 0.37807055 0.37764018 0.37720915 0.37677719 0.37634386 0.37590863 0.37547099 0.37503052 0.3745869 0.37413991 0.37368943 0.37323545 0.37277804 0.37231732 0.37185349 0.3713868 0.3709175 0.3704459 0.3699723 0.36949702 0.36902039 0.36854272 0.36806434 0.36758555 0.36710664 0.36662791 0.36614963 0.36567205 0.36519543 0.36471998 0.36424593 0.36377348 0.36330281 0.3628341 0.3623675 0.36190315 0.3614412 0.36098176 0.36052494 0.36007084 0.35961955 0.35917114 0.35872568 0.35828324 0.35784387 0.35740761 0.3569745 0.35654457 0.35611784 0.35569433 0.35527406
0.38001847 0.37968826 0.37933205 0.3789573 0.3785696 0.37817282 0.37776956 0.37736138 0.37694914 0.37653326 0.37611385 0.37569088 0.37526424 0.37483385 0.37439961 0.37396152 0.37351959 0.37307392 0.37262464 0.37217194 0.37171605 0.37125721 0.3707957 0.37033183 0.36986589 0.3693982 0.36892908 0.36845883 0.36798775 0.36751616 0.36704434 0.36657256 0.36610109 0.36563018 0.36516007 0.36469099 0.36422314 0.36375673 0.36329193 0.36282892 0.36236786 0.36190889 0.36145214 0.36099774 0.36054579 0.3600964 0.35964966 0.35920565 0.35876443 0.35832608 0.35789064 0.35745818 0.35702871 0.3566023 0.35617895 0.35575869 0.35534154
0.37955629 0.37925804 0.37893389 0.37858959 0.37822976 0.3778579 0.37747658 0.3770876 0.37669216 0.37629103 0.3758847 0.37547348 0.37505756 0.37463706 0.37421213 0.37378287 0.37334946 0.37291205 0.37247085 0.3720261 0.37157805 0.37112696 0.37067313 0.37021686 0.36975845 0.36929822 0.36883646 0.36837347 0.36790957 0.36744504 0.36698016 0.36651519 0.36605041 0.36558604 0.36512233 0.3646595 0.36419776 0.36373729 0.36327828 0.3628209 0.36236531 0.36191165 0.36146005 0.36101063 0.36056352 0.36011881 0.35967659 0.35923694 0.35879995 0.35836567 0.35793416 0.35750548 0.35707967 0.35665677 0.35623681 0.35581981 0.35540581
0.37914505 0.37886825 0.37856687 0.37824523 0.37790701 0.37755521 0.37719219 0.37681973 0.37643916 0.37605145 0.37565729 0.37525719 0.37485156 0.3744407 0.37402487 0.37360432 0.3731793 0.37275006 0.37231685 0.37187995 0.37143963 0.37099618 0.37054991 0.37010111 0.36965009 0.36919716 0.36874262 0.36828677 0.3678299 0.36737229 0.36691421 0.36645593 0.3659977 0.36553976 0.36508234 0.36462566 0.36416991 0.36371529 0.36326199 0.36281016 0.36235996 0.36191155 0.36146504 0.36102057 0.36057824 0.36013817 0.35970043 0.35926513 0.35883233 0.35840211 0.35797452 0.35754962 0.35712746 0.35670808 0.35629151 0.35587778 0.35546693
0.37877315 0.37851086 0.3782258 0.37792114 0.37759978 0.37726419 0.37691643 0.37655818 0.37619074 0.37581515 0.37543223 0.37504259 0.37464677 0.37424518 0.3738382 0.37342617 0.37300939 0.37258817 0.37216282 0.37173363 0.37130091 0.37086498 0.37042612 0.36998466 0.3695409 0.36909514 0.36864768 0.36819881 0.36774883 0.367298 0.36684659 0.36639487 0.36594308 0.36549145 0.3650402 0.36458956 0.36413971 0.36369086 0.36324317 0.36279682 0.36235195 0.36190871 0.36146723 0.36102765 0.36059006 0.36015459 0.35972131 0.35929032 0.3588617 0.35843551 0.35801183 0.3575907 0.35717218 0.35675632 0.35634314 0.35593269 0.35552499
0.37843161 0.37817933 0.37790616 0.37761443 0.37730636 0.37698397 0.37664903 0.37630301 0.37594717 0.37558254 0.37520995 0.3748301 0.37444358 0.37405088 0.37365245 0.37324868 0.37283993 0.37242657 0.37200891 0.37158729 0.37116204 0.37073347 0.37030189 0.36986762 0.36943097 0.36899224 0.36855172 0.3681097 0.36766646 0.36722228 0.36677742 0.36633213 0.36588664 0.3654412 0.36499603 0.36455132 0.36410728 0.3636641 0.36322194 0.36278098 0.36234136 0.36190324 0.36146674 0.36103199 0.3605991 0.36016817 0.35973932 0.35931261 0.35888813 0.35846596 0.35804617 0.3576288 0.35721392 0.35680156 0.35639178 0.3559846 0.35558006
0.37811354 0.37786841 0.37760415 0.37732246 0.37702506 0.37671357 0.37638948 0.37605409 0.37570854 0.3753538 0.37499072 0.37462 0.37424227 0.37385805 0.37346784 0.37307207 0.37267114 0.37226542 0.37185529 0.37144107 0.37102312 0.37060176 0.37017731 0.36975009 0.36932041 0.36888855 0.36845483 0.36801952 0.36758289 0.36714523 0.36670678 0.36626779 0.3658285 0.36538914 0.36494992 0.36451105 0.36407272 0.36363511 0.3631984 0.36276276 0.36232832 0.36189525 0.36146366 0.36103369 0.36060544 0.36017903 0.35975455 0.3593321 0.35891174 0.35849357 0.35807764 0.35766401 0.35725275 0.3568439 0.35643751 0.35603361 0.35563223
0.37781374 0.37757399 0.37731665 0.37704299 0.37675434 0.376452 0.37613721 0.37581113 0.37547475 0.375129 0.37477468 0.37441248 0.37404304 0.37366691 0.37328458 0.37289653 0.37250316 0.37210489 0.37170207 0.37129509 0.37088427 0.37046997 0.37005249 0.36963216 0.36920929 0.36878417 0.3683571 0.36792836 0.36749822 0.36706694 0.36663477 0.36620197 0.36576875 0.36533535 0.36490198 0.36446884 0.36403612 0.36360401 0.36317266 0.36274225 0.36231293 0.36188484 0.3614581 0.36103285 0.3606092 0.36018726 0.35976712 0.35934888 0.35893262 0.35851841 0.35810632 0.35769643 0.35728878 0.35688342 0.35648041 0.35607978 0.35568157
