landslides_training_model/shapes/shapes_mean/random_forest_mean_suc.tif
NCOLS 441
NROWS 451
XLLCORNER -92.213079
YLLCORNER 13.747265
DX 0.0090151111
DY 0.0090031242
NODATA_VALUE -9999
[rows 250 to 274 of 451, columns 114 to 170 of 441]
0.73058162 0.72685075 0.70686676 0.7196951 0.7251571 0.71467619 0.69343513 0.67128381 0.67149521 0.70172697 0.73592802 0.72142216 0.65614272 0.7301416 0.69771187 0.66618512 0.71067111 0.70305664 0.75555392 0.54181165 0.64677084 0.80228246 0.73948665 0.74359417 0.75948474 0.66451139 0.65429066 0.67222323 0.61823916 0.59789498 0.5868712 0.57278976 0.46376135 0.45382093 0.52525744 0.56855135 0.53783055 0.52005189 0.53356565 0.49222428 0.45479098 0.46924053 0.47876804 0.55631457 0.55089243 0.49355027 0.46478475 0.4234656 0.35456705 0.4480737 0.45288493 0.34354196 0.29069236 0.33705923 0.31672598 0.40312587 0.37756855
0.7015724 0.69688302 0.69847444 0.70985882 0.71120542 0.71081561 0.71003152 0.68912019 0.66834126 0.69548435 0.72559929 0.71671363 0.74232994 0.74916307 0.77082371 0.7903529 0.76929466 0.77957118 0.72810064 0.70138056 0.79019002 0.81435999 0.74096505 0.64028864 0.68054556 0.59836942 0.65221859 0.68292632 0.667229 0.62795804 0.55005942 0.48175753 0.47199058 0.48129764 0.53846168 0.56855838 0.53384914 0.49754466 0.51417372 0.55132869 0.54576915 0.53330291 0.57621755 0.5766572 0.57500078 0.50821466 0.48514934 0.41959718 0.37801181 0.42905661 0.52652968 0.59403623 0.24904224 0.47995502 0.37319932 0.50806695 0.42534253
0.74114898 0.74424009 0.71973621 0.69101952 0.71997367 0.72190507 0.71345443 0.71052779 0.70683717 0.70572524 0.6954079 0.72284834 0.73190618 0.76332552 0.75507477 0.75082346 0.74056394 0.81037687 0.78309732 0.78554678 0.76502068 0.80982369 0.69905401 0.66382724 0.66869534 0.71199897 0.72735016 0.64297284 0.65150896 0.51179109 0.55392711 0.50237299 0.47359058 0.48499355 0.54727605 0.56197407 0.54909233 0.53491555 0.52480591 0.53286995 0.56338216 0.5964437 0.59261512 0.63783894 0.62008675 0.58981682 0.43599472 0.40496977 0.4799137 0.47770451 0.4135438 0.39221563 0.50698624 0.39442307 0.43804258 0.56035741 0.53666455
0.72759774 0.71026744 0.72360365 0.70765144 0.71459735 0.71588498 0.71099689 0.71507513 0.7173876 0.71272161 0.71949789 0.72186713 0.74154681 0.76293206 0.77448759 0.80071146 0.74671844 0.78993401 0.81274237 0.74654279 0.75152654 0.63360674 0.87994804 0.84532168 0.67549813 0.74455541 0.6475197 0.50593196 0.5316442 0.48598901 0.47015281 0.50223191 0.48860034 0.49074621 0.48577857 0.53045854 0.54751524 0.5664585 0.5886788 0.58180328 0.61119562 0.61447438 0.52927219 0.56788624 0.62906189 0.50545948 0.63876016 0.62416307 0.44654985 0.5692237 0.45564814 0.39048839 0.53829363 0.35450521 0.53410114 0.55258187 0.39775648
0.74815418 0.73549939 0.7271234 0.71473724 0.7195046 0.72053788 0.71060604 0.71539871 0.72310619 0.70871883 0.70689076 0.7300407 0.74567916 0.75163504 0.74650666 0.74968221 0.77397685 0.79875029 0.77088137 0.79530885 0.64334308 0.84496841 0.77736396 0.86620883 0.77373766 0.65910201 0.70265253 0.6958689 0.6442261 0.56709454 0.56576718 0.59597788 0.50863316 0.50164204 0.50379564 0.54866865 0.58506709 0.5785482 0.57082197 0.59270052 0.59829758 0.565857 0.61120242 0.64850522 0.66830991 0.61556028 0.68524873 0.73013198 0.62963736 0.76652406 0.68111802 0.78410147 0.66565257 0.82559012 0.56608873 0.55138738 0.50539991
0.72480159 0.73881411 0.72116937 0.72625511 0.72283482 0.71868231 0.71247537 0.71023889 0.71082924 0.70904455 0.70714435 0.72614638 0.73270964 0.74383696 0.72725099 0.72501179 0.77224137 0.80675243 0.73088779 0.80960571 0.80098781 0.74858787 0.83328215 0.79165714 0.80545148 0.78902858 0.82591416 0.75432442 0.69750625 0.67096043 0.59633336 0.58991517 0.55133937 0.51188499 0.50284862 0.5447373 0.5825719 0.61523624 0.6377024 0.64245884 0.65524017 0.65688738 0.63282931 0.68230896 0.65256106 0.65672263 0.63644382 0.64894582 0.56000554 0.66504206 0.63402685 0.61469003 0.77535373 0.81608788 0.81255236 0.5343371 0.48905159
0.72791754 0.73233608 0.69082852 0.67960496 0.69023099 0.69419187 0.70586635 0.70018373 0.65848421 0.64349547 0.70469398 0.71133559 0.66977451 0.7068674 0.69529606 0.71057266 0.80172397 0.8274149 0.80723275 0.88482245 0.80925108 0.88166263 0.84878994 0.82255066 0.59928664 0.73222836 0.78761292 0.70238242 0.72433285 0.64054264 0.68180392 0.64299156 0.61660312 0.56276202 0.5414731 0.57634696 0.58198926 0.6044464 0.65022181 0.6760079 0.68004324 0.6561249 0.63794691 0.65589332 0.68977831 0.69842232 0.68188539 0.72340468 0.71132575 0.73680532 0.73247941 0.82213385 0.74118253 0.83110001 0.61827532 0.70393014 0.4847398
0.6786287 0.69150663 0.7125193 0.7063624 0.6865315 0.70116494 0.71682747 0.71794626 0.70673624 0.69802409 0.69705246 0.68778374 0.67738433 0.70432827 0.71152698 0.74279238 0.79742712 0.83126002 0.76668805 0.82925612 0.81815939 0.9164145 0.81998927 0.82367371 0.8296115 0.79792014 0.64917898 0.7249245 0.62139026 0.70990065 0.66960611 0.67293775 0.6371885 0.58656154 0.58053744 0.61949861 0.59757528 0.62402556 0.67576908 0.68454047 0.67802509 0.64619676 0.63366886 0.65862083 0.65342374 0.63069828 0.69003687 0.73336146 0.72952441 0.70238715 0.81472293 0.64442486 0.69280968 0.72598994 0.71140677 0.77621103 0.62909243
0.60667016 0.68222505 0.71287776 0.68852103 0.69019731 0.70610333 0.70080259 0.70714895 0.70801161 0.7031852 0.72432951 0.71583966 0.71272826 0.71609232 0.73254701 0.75381175 0.80088062 0.7859036 0.82954763 0.75094948 0.85536454 0.80647752 0.88057482 0.79963191 0.77591612 0.71117921 0.7428255 0.70002673 0.7393747 0.71251587 0.70604358 0.66631053 0.61642015 0.52924662 0.54807631 0.63276928 0.65537692 0.65257964 0.64369297 0.63135354 0.63816991 0.65152972 0.67472697 0.67263094 0.67080874 0.60825023 0.63704405 0.72096379 0.79044449 0.83156803 0.86357766 0.86543749 0.80589386 0.80369199 0.82826688 0.72746713 0.72293975
0.7084193 0.72279717 0.72062959 0.70465109 0.68054847 0.67109103 0.68121053 0.71036698 0.72065587 0.71567934 0.73502765 0.75262804 0.75694605 0.76742808 0.7695281 0.77468005 0.75865715 0.76256732 0.78316513 0.83261769 0.83359712 0.76243859 0.55595963 0.69692561 0.63835042 0.7571026 0.77857946 0.76214147 0.73686696 0.74277902 0.71401386 0.62260965 0.56798337 0.56347441 0.62900159 0.68214853 0.67180467 0.65125076 0.63653851 0.63122701 0.64640581 0.66207326 0.66760743 0.67972886 0.66081026 0.63443615 0.72577904 0.68340814 0.66533577 0.7500471 0.64023283 0.82154305 0.82562567 0.79972993 0.64263138 0.59782055 0.76307228
0.7145222 0.69110913 0.71502 0.70142137 0.69836818 0.70508924 0.69230728 0.70304038 0.71425985 0.71686166 0.73384008 0.73967231 0.76056686 0.75344094 0.77149627 0.74207433 0.69859608 0.77043836 0.79789277 0.7942276 0.85987932 0.71055947 0.69916756 0.86125424 0.82659572 0.73358567 0.81573115 0.77507174 0.71980548 0.64757149 0.60278469 0.64688261 0.70349918 0.67402515 0.64079203 0.66643601 0.6893581 0.69316262 0.69274792 0.69064513 0.68316601 0.67499514 0.66949348 0.65827005 0.66026782 0.68067843 0.68402131 0.74617209 0.71200881 0.77838094 0.76927717 0.77186674 0.74936086 0.80188444 0.58457778 0.70432233 0.74679338
0.71586407 0.69377021 0.72889863 0.71778697 0.70629919 0.71158964 0.69072549 0.68627503 0.68997806 0.70639779 0.73796324 0.73115659 0.73548459 0.75520639 0.72276252 0.74918248 0.76766597 0.79239553 0.71007959 0.82653232 0.68024211 0.75541882 0.81951713 0.82309196 0.71450757 0.68542813 0.79644877 0.70693353 0.748485 0.73424934 0.62467317 0.72334453 0.74178803 0.72158042 0.70045794 0.69576849 0.69840739 0.69008151 0.70011211 0.71460923 0.71083165 0.7099387 0.7055201 0.67186025 0.68107273 0.70660326 0.725622 0.76100094 0.76992929 0.75915245 0.49921519 0.78729976 0.68186994 0.45300269 0.64985064 0.82318349 0.76988495
0.67695907 0.70182575 0.7099841 0.70039505 0.68670409 0.70648575 0.72221729 0.71514941 0.71126153 0.72603721 0.73630653 0.72637694 0.73010141 0.74881293 0.74311286 0.64746256 0.64361724 0.71375903 0.79938764 0.83916416 0.74287697 0.64921373 0.67273495 0.84901457 0.86015486 0.51658475 0.83035581 0.79535062 0.73182983 0.76557797 0.72601259 0.7459571 0.74409408 0.74857041 0.71866651 0.71726831 0.69882486 0.64585583 0.66040967 0.70693324 0.71069066 0.6876593 0.66605062 0.70114858 0.7066948 0.67322122 0.65630684 0.75106617 0.74562349 0.64965705 0.49381374 0.38909612 0.41762443 0.46932306 0.41560381 0.34865636 0.37988484
0.73445594 0.73164929 0.68187179 0.68371369 0.68676323 0.71293368 0.73003227 0.68372616 0.67016773 0.70428985 0.72943728 0.74366318 0.73245869 0.75075076 0.74494488 0.72417585 0.72345099 0.73188767 0.75061166 0.65713852 0.66844265 0.66909404 0.76078615 0.78715399 0.81230541 0.77725301 0.8005787 0.80167057 0.77258856 0.65267961 0.72911326 0.76558323 0.76042848 0.72292881 0.70956292 0.72092743 0.71554685 0.69501626 0.70170473 0.71724009 0.7129145 0.69910088 0.6942614 0.71022168 0.70580303 0.72956644 0.72968637 0.68280149 0.71781845 0.75351246 0.80212752 0.62175028 0.43583083 0.52492726 0.51812756 0.50446067 0.37007805
0.71062647 0.74027607 0.72116311 0.71299453 0.70714769 0.71295162 0.7179742 0.72156996 0.72586128 0.7113448 0.70185235 0.73144358 0.71927158 0.69331507 0.75031472 0.74180131 0.69631184 0.7729995 0.74893479 0.75885397 0.74731087 0.85425526 0.88672982 0.43464199 0.90667977 0.89308228 0.83561763 0.73067831 0.80487451 0.75852035 0.7479252 0.71440838 0.74285703 0.70476438 0.70097421 0.72710016 0.72135724 0.71229633 0.71370636 0.70729673 0.69462194 0.68943943 0.69024348 0.69793945 0.71285279 0.75442607 0.76063578 0.75369092 0.76023717 0.64325148 0.6745636 0.49818124 0.43876317 0.5260677 0.5205843 0.51125003 0.50035919
0.68524059 0.71520918 0.70779125 0.71290995 0.72474757 0.70233854 0.70030729 0.71258735 0.71235803 0.70018189 0.68965898 0.68797572 0.6939174 0.6837789 0.67829837 0.71593163 0.74622228 0.78662727 0.76077469 0.69321599 0.79183461 0.75945728 0.82263586 0.69264167 0.87411381 0.80029709 0.87393405 0.76756378 0.78146253 0.7396751 0.69427854 0.71668213 0.68794938 0.70250447 0.70071621 0.70814477 0.70612072 0.70284955 0.69435159 0.69298438 0.70026986 0.69505495 0.68356533 0.69904967 0.70030896 0.75566708 0.74433034 0.76108399 0.65959869 0.72083106 0.75417138 0.45657261 0.53511453 0.52902089 0.52186397 0.51460701 0.50825173
0.55446796 0.67137237 0.68944519 0.67699688 0.70383737 0.68928321 0.70945966 0.69919727 0.68184807 0.65919184 0.64288282 0.661396 0.6608775 0.62275031 0.62629953 0.71188269 0.73084088 0.76367808 0.76880182 0.67933781 0.76613878 0.79505975 0.76710593 0.83719826 0.86035048 0.84618232 0.85054783 0.7218541 0.79836249 0.77075269 0.61775279 0.66156538 0.66099078 0.71375963 0.73966762 0.72607529 0.72332828 0.7105882 0.68953486 0.68522274 0.68826344 0.67345768 0.661124 0.66256539 0.62469465 0.74836697 0.73381131 0.76424887 0.77730849 0.76747275 0.75005988 0.46526937 0.53650863 0.53016958 0.52293877 0.51649381 0.51109456
0.7055039 0.66174491 0.70601635 0.65916277 0.66521165 0.66629088 0.66585735 0.6434634 0.64505679 0.65373642 0.65638894 0.66123619 0.63942706 0.64327796 0.68604638 0.6631672 0.6690609 0.58708745 0.58164622 0.65150513 0.76048375 0.70129622 0.82055698 0.83072017 0.71640884 0.75804145 0.82636601 0.84596232 0.81810079 0.71131256 0.65893822 0.65904496 0.66225132 0.7085317 0.73955782 0.71839458 0.70903193 0.68739228 0.66436684 0.65815735 0.655585 0.64052618 0.64993533 0.70999979 0.72525478 0.74014302 0.74416974 0.70782125 0.67321982 0.59310171 0.5019756 0.46657501 0.53578998 0.53047163 0.52388783 0.51803649 0.51310311
0.61848333 0.60999498 0.65098453 0.61240611 0.66195223 0.65865095 0.6727646 0.65756567 0.6610353 0.64662604 0.63053681 0.64778555 0.63918398 0.61379417 0.60540468 0.64758032 0.68704321 0.65934819 0.60374335 0.62300088 0.66283011 0.51126586 0.64598141 0.73893834 0.83367188 0.88110554 0.73241882 0.78204018 0.61206985 0.66855722 0.59204259 0.63853444 0.63531434 0.68322189 0.72907033 0.68713816 0.69496896 0.68784138 0.66890736 0.65699972 0.6494797 0.63509715 0.63769312 0.68593604 0.70489844 0.66111881 0.66002533 0.63881299 0.60721608 0.472537 0.55278256 0.54347778 0.53728158 0.53103448 0.52501766 0.51967718 0.51508477
0.53902079 0.49126785 0.63499079 0.64588698 0.65336491 0.66030137 0.66039527 0.67916021 0.67148649 0.64809995 0.6338001 0.59639146 0.55761097 0.64496915 0.64970388 0.66205947 0.61444371 0.64482781 0.61047646 0.67698963 0.61117855 0.6398097 0.75904988 0.73878079 0.68741945 0.89357729 0.84554927 0.69663697 0.72387629 0.70331937 0.62119414 0.57811822 0.64525927 0.65528778 0.68690656 0.67859658 0.6708175 0.67017958 0.66277905 0.64637187 0.63710749 0.64268619 0.65403709 0.66165261 0.67015933 0.66765844 0.61205878 0.57977195 0.57716247 0.56057384 0.55269105 0.54505437 0.53815867 0.53208115 0.5266066 0.52169693 0.5173593
0.68852099 0.54421094 0.58753203 0.57361966 0.64114714 0.66764862 0.66487527 0.67013031 0.64777808 0.63832374 0.63001393 0.60380069 0.6088778 0.62579787 0.66348305 0.66139296 0.63032487 0.63137781 0.58589374 0.64638608 0.67695611 0.71619911 0.72709253 0.55221072 0.56095486 0.78572349 0.63410936 0.70108961 0.68955617 0.6236263 0.61667812 0.64375147 0.68389284 0.66638117 0.68599681 0.67638594 0.69857213 0.62822232 0.60450073 0.63043295 0.65864666 0.66848573 0.67659793 0.69098316 0.67777633 0.68516469 0.59814403 0.58072627 0.56940013 0.55961795 0.55172567 0.54507832 0.53920631 0.53388903 0.5289638 0.52437757 0.52017006
0.70454858 0.72667126 0.63585359 0.59776786 0.62786893 0.64952527 0.66053338 0.63282849 0.61829035 0.62770712 0.64405316 0.65480355 0.65208185 0.63351592 0.59366002 0.59300332 0.60820832 0.59114786 0.64126302 0.60252706 0.62342064 0.70550862 0.63474525 0.62929414 0.73690421 0.72107776 0.77296139 0.61261146 0.65682423 0.62710276 0.64310288 0.67141597 0.68948039 0.70468632 0.72685985 0.71766962 0.66023471 0.63742236 0.65429835 0.66750408 0.66910885 0.65126708 0.63451651 0.63637533 0.61422212 0.60182687 0.58485872 0.57316923 0.56446319 0.55730121 0.55128788 0.54612333 0.54147647 0.53703461 0.53258169 0.52811323 0.5238029
0.75601379 0.73037865 0.7323564 0.69984034 0.70953919 0.69547437 0.69093574 0.65155121 0.63520572 0.6326338 0.63276289 0.639236 0.63552348 0.63121458 0.64153633 0.68828297 0.7106437 0.68255262 0.69775764 0.64930254 0.66376093 0.74920964 0.75959962 0.77097035 0.83612513 0.78588944 0.8503832 0.82736822 0.8633147 0.82384664 0.80821786 0.786633 0.69640465 0.64026227 0.69613798 0.65355903 0.63381184 0.63007458 0.63485319 0.66421 0.67395239 0.64314208 0.60935949 0.60381199 0.59409165 0.5848965 0.57591956 0.56810513 0.56170656 0.55655537 0.55243036 0.54903202 0.54595556 0.54260081 0.53843489 0.5335841 0.52866574
0.74849921 0.76235087 0.75612579 0.74822276 0.73514596 0.72284924 0.70417807 0.68788759 0.69210306 0.6954327 0.67424492 0.6415741 0.63544568 0.6332214 0.63572557 0.64175466 0.64620446 0.65966766 0.71562543 0.64208797 0.76558448 0.78106476 0.71895467 0.59281163 0.75185793 0.80476445 0.88534658 0.59686499 0.68646602 0.8183662 0.72909328 0.65512541 0.63830706 0.62923077 0.62842402 0.62695851 0.63291218 0.6438373 0.67045913 0.66501315 0.63968994 0.61775838 0.60543027 0.59660111 0.58731632 0.57894109 0.57176615 0.56567602 0.56086223 0.55761048 0.55577456 0.5549041 0.55464015 0.55351065 0.54908565 0.54215526 0.53536074
0.67725315 0.75612719 0.74821086 0.75114731 0.72819647 0.72157631 0.70360205 0.67972948 0.68525686 0.68563998 0.66609046 0.64493339 0.63831737 0.6352482 0.63454534 0.63582071 0.63981203 0.65956857 0.74841897 0.76246982 0.70187313 0.80335607 0.7472636 0.6974278 0.74403269 0.86295945 0.84348316 0.66128552 0.65119993 0.65145469 0.64454887 0.63325296 0.62424857 0.61837882 0.61539695 0.6179815 0.68493412 0.68541327 0.663582 0.66569411 0.64479961 0.61702608 0.61624884 0.60759963 0.58868538 0.57835077 0.57153348 0.56570976 0.5612658 0.56028383 0.56241759 0.56598045 0.57310977 0.58402734 0.57607533 0.55664347 0.54465018
