landslides_training_model/shapes/shapes_mean/random_forest_mean_suc.tif
NCOLS 441
NROWS 451
XLLCORNER -92.213079
YLLCORNER 13.747265
DX 0.0090151111
DY 0.0090031242
NODATA_VALUE -9999
[rows 100 to 124 of 451, columns 0 to 56 of 441]
0.28978297 0.28917989 0.28856724 0.28794487 0.28731264 0.28667039 0.28601797 0.28535522 0.284682 0.28399813 0.28330346 0.28259782 0.28188104 0.28115296 0.2804134 0.27966218 0.27889913 0.27812408 0.27733682 0.27653719 0.27572499 0.27490003 0.27406212 0.27321106 0.27234666 0.27146871 0.27057702 0.26967136 0.26875155 0.26781736 0.26686859 0.26590502 0.26492642 0.2639326 0.26292331 0.26189834 0.26085747 0.25980046 0.25872709 0.25763713 0.25653035 0.25540652 0.25426541 0.25310678 0.25193039 0.25073603 0.24952344 0.24829241 0.24704271 0.24577409 0.24448634 0.24317923 0.24185254 0.24050604 0.23913954 0.2377528 0.23634564
0.29085914 0.29026304 0.28965742 0.28904214 0.28841703 0.28778196 0.28713677 0.2864813 0.28581541 0.28513892 0.28445169 0.28375354 0.28304431 0.28232382 0.28159191 0.28084841 0.28009313 0.2793259 0.27854653 0.27775485 0.27695066 0.27613378 0.27530401 0.27446116 0.27360504 0.27273544 0.27185216 0.27095501 0.27004377 0.26911823 0.2681782 0.26722345 0.26625377 0.26526894 0.26426876 0.26325299 0.26222142 0.26117383 0.26010999 0.25902967 0.25793266 0.25681873 0.25568765 0.25453919 0.25337313 0.25218924 0.2509873 0.24976708 0.24852836 0.24727092 0.24599454 0.24469901 0.24338411 0.24204963 0.24069538 0.23932115 0.23792675
0.29194354 0.29135456 0.2907561 0.29014802 0.28953017 0.28890241 0.28826459 0.28761654 0.28695811 0.28628915 0.2856095 0.28491898 0.28421743 0.2835047 0.28278059 0.28204495 0.2812976 0.28053835 0.27976703 0.27898345 0.27818743 0.27737879 0.27655733 0.27572285 0.27487517 0.27401409 0.2731394 0.27225092 0.27134842 0.27043172 0.2695006 0.26855484 0.26759425 0.26661861 0.2656277 0.26462131 0.26359922 0.26256122 0.26150708 0.26043658 0.25934951 0.25824564 0.25712476 0.25598664 0.25483107 0.25365781 0.25246667 0.25125741 0.25002983 0.2487837 0.24751883 0.246235 0.24493202 0.24360967 0.24226778 0.24090614 0.23952457
0.29303612 0.29245437 0.2918632 0.29126245 0.290652 0.29003168 0.28940135 0.28876086 0.28811004 0.28744874 0.2867768 0.28609406 0.28540035 0.28469551 0.28397936 0.28325173 0.28251245 0.28176134 0.28099822 0.28022291 0.27943522 0.27863498 0.27782198 0.27699604 0.27615697 0.27530457 0.27443865 0.273559 0.27266542 0.27175772 0.27083568 0.26989909 0.26894776 0.26798147 0.26700001 0.26600317 0.26499074 0.26396249 0.26291822 0.26185771 0.26078075 0.25968711 0.2585766 0.25744898 0.25630404 0.25514158 0.25396138 0.25276323 0.25154692 0.25031225 0.24905901 0.24778701 0.24649605 0.24518594 0.24385649 0.24250753 0.24113888
0.29413681 0.29356241 0.29297865 0.29238537 0.29178244 0.29116969 0.29054699 0.28991418 0.28927111 0.28861761 0.28795353 0.28727871 0.28659298 0.28589617 0.28518812 0.28446866 0.2837376 0.28299478 0.28224002 0.28147313 0.28069393 0.27990225 0.27909788 0.27828064 0.27745034 0.27660679 0.27574979 0.27487915 0.27399465 0.27309611 0.27218333 0.27125608 0.27031418 0.26935741 0.26838557 0.26739845 0.26639583 0.26537751 0.26434328 0.26329292 0.26222623 0.26114299 0.26004299 0.25892603 0.25779189 0.25664037 0.25547125 0.25428435 0.25307945 0.25185636 0.25061488 0.24935482 0.24807599 0.24677822 0.24546132 0.24412511 0.24276945
0.29524553 0.29467861 0.29410238 0.2935167 0.29292141 0.29231637 0.29170143 0.29107645 0.29044125 0.28979569 0.28913961 0.28847285 0.28779524 0.28710661 0.28640681 0.28569566 0.28497298 0.2842386 0.28349234 0.28273403 0.28196348 0.28118051 0.28038493 0.27957655 0.27875519 0.27792065 0.27707273 0.27621126 0.27533601 0.2744468 0.27354343 0.2726257 0.27169339 0.27074631 0.26978425 0.26880701 0.26781438 0.26680616 0.26578212 0.26474208 0.26368581 0.26261312 0.2615238 0.26041765 0.25929445 0.25815401 0.25699612 0.2558206 0.25462724 0.25341585 0.25218625 0.25093824 0.24967165 0.2483863 0.24708203 0.24575866 0.24441604
0.29636222 0.2958029 0.29523433 0.29465636 0.29406885 0.29347164 0.2928646 0.29224756 0.29162038 0.2909829 0.29033495 0.28967639 0.28900704 0.28832675 0.28763533 0.28693263 0.28621848 0.28549269 0.2847551 0.28400551 0.28324376 0.28246966 0.28168303 0.28088367 0.2800714 0.27924603 0.27840737 0.27755522 0.27668939 0.27580967 0.27491589 0.27400782 0.27308527 0.27214805 0.27119594 0.27022874 0.26924626 0.26824828 0.26723461 0.26620503 0.26515935 0.26409737 0.26301887 0.26192367 0.26081155 0.25968233 0.25853582 0.2573718 0.25619011 0.25499054 0.25377292 0.25253707 0.25128282 0.25000999 0.24871842 0.24740796 0.24607845
0.2974868 0.29693521 0.29637442 0.29580429 0.29522467 0.29463543 0.29403641 0.29342746 0.29280842 0.29217915 0.29153948 0.29088925 0.29022831 0.28955648 0.2888736 0.28817951 0.28747402 0.28675697 0.28602819 0.28528749 0.28453469 0.28376961 0.28299208 0.2822019 0.28139888 0.28058284 0.27975359 0.27891093 0.27805467 0.27718461 0.27630057 0.27540233 0.27448971 0.27356249 0.27262049 0.2716635 0.27069133 0.26970376 0.2687006 0.26768165 0.2666467 0.26559557 0.26452805 0.26344394 0.26234305 0.26122519 0.26009016 0.25893779 0.25776788 0.25658025 0.25537472 0.25415113 0.25290931 0.25164908 0.2503703 0.24907281 0.24775647
0.2986192 0.29807545 0.29752256 0.29696039 0.29638881 0.29580765 0.29521678 0.29461604 0.29400529 0.29338436 0.2927531 0.29211135 0.29145894 0.29079573 0.29012153 0.28943618 0.28873951 0.28803135 0.28731153 0.28657986 0.28583616 0.28508027 0.28431199 0.28353113 0.28273753 0.28193097 0.28111129 0.28027828 0.27943175 0.27857151 0.27769737 0.27680912 0.27590658 0.27498953 0.2740578 0.27311117 0.27214946 0.27117245 0.27017996 0.26917178 0.26814772 0.26710759 0.26605118 0.26497831 0.26388878 0.26278241 0.26165901 0.26051839 0.25936038 0.25818479 0.25699147 0.25578023 0.25455092 0.25330338 0.25203746 0.250753 0.24944988
0.29975934 0.29922355 0.29867868 0.29812461 0.29756117 0.29698823 0.29640563 0.29581324 0.29521089 0.29459844 0.29397573 0.29334259 0.29269887 0.2920444 0.29137902 0.29070256 0.29001486 0.28931573 0.28860501 0.28788252 0.28714808 0.28640152 0.28564264 0.28487128 0.28408723 0.28329032 0.28248036 0.28165715 0.28082051 0.27997025 0.27910616 0.27822807 0.27733576 0.27642905 0.27550773 0.27457162 0.27362052 0.27265423 0.27167256 0.2706753 0.26966227 0.26863328 0.26758813 0.26652663 0.26544859 0.26435384 0.26324218 0.26211344 0.26096744 0.25980401 0.25862298 0.2574242 0.25620749 0.25497271 0.25371971 0.25244835 0.2511585
0.30090714 0.30037943 0.29984271 0.29929684 0.29874167 0.29817707 0.29760288 0.29701896 0.29642516 0.29582131 0.29520728 0.29458289 0.29394798 0.2933024 0.29264599 0.29197856 0.29129996 0.29061001 0.28990855 0.28919538 0.28847035 0.28773327 0.28698395 0.28622222 0.28544789 0.28466078 0.28386069 0.28304745 0.28222085 0.28138071 0.28052684 0.27965905 0.27877713 0.2778809 0.27697017 0.27604473 0.27510439 0.27414897 0.27317826 0.27219207 0.27119021 0.2701725 0.26913874 0.26808875 0.26702233 0.26593932 0.26483953 0.26372278 0.2625889 0.26143773 0.2602691 0.25908285 0.25787882 0.25665688 0.25541687 0.25415866 0.25288213
0.30206252 0.30154301 0.30101455 0.30047701 0.29993024 0.2993741 0.29880844 0.29823312 0.29764799 0.29705288 0.29644765 0.29583215 0.2952062 0.29456964 0.29392233 0.29326407 0.29259472 0.2919141 0.29122203 0.29051834 0.28980286 0.28907541 0.2883358 0.28758385 0.28681939 0.28604223 0.28525217 0.28444904 0.28363264 0.28280279 0.28195929 0.28110195 0.28023058 0.27934499 0.27844498 0.27753036 0.27660094 0.27565652 0.27469692 0.27372195 0.2727314 0.27172511 0.27070288 0.26966452 0.26860985 0.2675387 0.26645089 0.26534625 0.2642246 0.26308579 0.26192964 0.26075602 0.25956476 0.25835572 0.25712876 0.25588376 0.25462059
0.3032254 0.3027142 0.30219412 0.30166502 0.30112677 0.30057922 0.30002222 0.29945563 0.29887929 0.29829305 0.29769677 0.29709028 0.29647342 0.29584603 0.29520795 0.29455901 0.29389904 0.29322788 0.29254536 0.29185129 0.29114551 0.29042783 0.28969808 0.28895607 0.28820163 0.28743457 0.28665469 0.28586183 0.28505578 0.28423636 0.28340338 0.28255665 0.28169598 0.28082117 0.27993204 0.27902839 0.27811003 0.27717677 0.27622842 0.2752648 0.27428571 0.27329097 0.27228039 0.2712538 0.270211 0.26915184 0.26807613 0.26698369 0.26587438 0.26474802 0.26360446 0.26244354 0.26126512 0.26006905 0.25885521 0.25762347 0.25637369
0.3043957 0.30389292 0.30338134 0.3028608 0.30233119 0.30179234 0.30124412 0.30068638 0.30011897 0.29954174 0.29895452 0.29835718 0.29774954 0.29713145 0.29650274 0.29586326 0.29521282 0.29455127 0.29387843 0.29319413 0.29249819 0.29179043 0.29107069 0.29033877 0.28959449 0.28883768 0.28806814 0.28728569 0.28649014 0.28568131 0.284859 0.28402303 0.2831732 0.28230933 0.28143122 0.28053869 0.27963153 0.27870958 0.27777263 0.27682049 0.27585299 0.27486994 0.27387115 0.27285644 0.27182565 0.27077858 0.26971508 0.26863497 0.26753809 0.26642428 0.26529338 0.26414525 0.26297974 0.26179672 0.26059605 0.25937761 0.25814127
0.30557332 0.30507908 0.3045761 0.30406426 0.3035434 0.30301338 0.30247406 0.3019253 0.30136694 0.30079883 0.30022082 0.29963275 0.29903447 0.29842581 0.29780662 0.29717672 0.29653595 0.29588415 0.29522114 0.29454674 0.29386079 0.2931631 0.29245351 0.29173182 0.29099786 0.29025145 0.28949239 0.28872051 0.28793561 0.28713751 0.28632603 0.28550096 0.28466213 0.28380934 0.28294241 0.28206113 0.28116533 0.28025482 0.2793294 0.2783889 0.27743312 0.27646188 0.27547501 0.27447232 0.27345364 0.27241879 0.2713676 0.27029992 0.26921557 0.2681144 0.26699626 0.265861 0.26470848 0.26353856 0.26235112 0.26114602 0.25992317
0.30675817 0.30627258 0.30577834 0.30527529 0.3047633 0.30424223 0.30371194 0.30317227 0.30262309 0.30206423 0.30149556 0.3009169 0.3003281 0.29972901 0.29911946 0.29849929 0.29786833 0.29722641 0.29657337 0.29590902 0.2952332 0.29454573 0.29384644 0.29313513 0.29241163 0.29167576 0.29092734 0.29016617 0.28939207 0.28860486 0.28780434 0.28699034 0.28616265 0.28532109 0.28446547 0.2835956 0.28271129 0.28181236 0.28089862 0.27996988 0.27902596 0.27806667 0.27709184 0.27610128 0.27509483 0.27407232 0.27303356 0.2719784 0.27090669 0.26981825 0.26871295 0.26759064 0.26645117 0.26529442 0.26412025 0.26292855 0.26171921
0.30795017 0.30747335 0.30698794 0.3064938 0.30599081 0.30547881 0.30495766 0.30442721 0.30388733 0.30333785 0.30277863 0.30220951 0.30163034 0.30104095 0.30044118 0.29983087 0.29920985 0.29857796 0.29793502 0.29728087 0.29661532 0.29593821 0.29524935 0.29454857 0.29383568 0.2931105 0.29237286 0.29162255 0.2908594 0.29008322 0.28929383 0.28849102 0.28767462 0.28684444 0.28600028 0.28514196 0.28426929 0.28338208 0.28248015 0.28156331 0.28063137 0.27968416 0.2787215 0.27774321 0.27674911 0.27573903 0.27471281 0.27367029 0.2726113 0.27153569 0.27044331 0.26933401 0.26820767 0.26706414 0.26590331 0.26472505 0.26352925
0.30914922 0.30868127 0.30820481 0.30771971 0.30722582 0.306723 0.30621111 0.30569002 0.30515955 0.30461958 0.30406995 0.30351049 0.30294106 0.3023615 0.30177165 0.30117133 0.3005604 0.29993867 0.29930598 0.29866215 0.29800703 0.29734041 0.29666214 0.29597203 0.29526989 0.29455556 0.29382883 0.29308954 0.29233749 0.29157249 0.29079435 0.2900029 0.28919794 0.28837927 0.28754672 0.28670009 0.2858392 0.28496385 0.28407387 0.28316906 0.28224924 0.28131424 0.28036387 0.27939795 0.27841632 0.2774188 0.27640522 0.27537543 0.27432926 0.27326656 0.27218718 0.27109099 0.26997783 0.26884759 0.26770014 0.26653536 0.26535314
0.31035522 0.30989626 0.30942886 0.3089529 0.30846823 0.30797471 0.30747221 0.30696057 0.30643966 0.30590931 0.30536939 0.30481973 0.30426018 0.30369057 0.30311076 0.30252058 0.30191986 0.30130843 0.30068613 0.30005277 0.2994082 0.29875223 0.29808469 0.29740539 0.29671415 0.2960108 0.29529515 0.29456701 0.2938262 0.29307253 0.29230581 0.29152585 0.29073247 0.28992547 0.28910467 0.28826987 0.28742089 0.28655755 0.28567965 0.284787 0.28387944 0.28295677 0.28201881 0.28106539 0.28009634 0.27911148 0.27811066 0.27709369 0.27606044 0.27501074 0.27394445 0.27286142 0.27176153 0.27064463 0.26951061 0.26835934 0.26719073
0.31156808 0.31111821 0.31065999 0.31019328 0.30971795 0.30923385 0.30874084 0.30823879 0.30772753 0.30720694 0.30667685 0.30613711 0.30558756 0.30502805 0.30445842 0.3038785 0.30328812 0.30268713 0.30207535 0.30145261 0.30081873 0.30017354 0.29951687 0.29884853 0.29816834 0.29747612 0.29677168 0.29605484 0.29532542 0.29458322 0.29382806 0.29305974 0.29227809 0.2914829 0.29067399 0.28985117 0.28901425 0.28816304 0.28729736 0.28641702 0.28552183 0.28461162 0.2836862 0.2827454 0.28178905 0.28081696 0.27982899 0.27882496 0.27780471 0.2767681 0.27571497 0.27464519 0.27355862 0.27245512 0.27133458 0.27019687 0.2690419
0.3127877 0.31234703 0.31189809 0.31144075 0.31097486 0.31050029 0.3100169 0.30952454 0.30902308 0.30851235 0.30799222 0.30746252 0.30692311 0.30637382 0.30581449 0.30524496 0.30466507 0.30407465 0.30347353 0.30286154 0.30223849 0.30160423 0.30095857 0.30030133 0.29963233 0.29895138 0.29825831 0.29755292 0.29683503 0.29610445 0.29536099 0.29460446 0.29383467 0.29305144 0.29225456 0.29144386 0.29061914 0.2897802 0.28892688 0.28805897 0.28717629 0.28627867 0.28536591 0.28443785 0.28349431 0.28253511 0.28156009 0.28056909 0.27956195 0.27853851 0.27749863 0.27644217 0.27536898 0.27427894 0.27317192 0.27204782 0.27090652
0.31401398 0.31358262 0.31314306 0.31269519 0.31223886 0.31177393 0.31130027 0.31081773 0.31032617 0.30982544 0.30931538 0.30879585 0.3082667 0.30772775 0.30717886 0.30661986 0.30605059 0.30547087 0.30488055 0.30427944 0.30366737 0.30304417 0.30240967 0.30176367 0.301106 0.30043647 0.2997549 0.2990611 0.29835489 0.29763608 0.29690447 0.29615987 0.2954021 0.29463096 0.29384627 0.29304782 0.29223544 0.29140892 0.29056809 0.28971274 0.28884271 0.2879578 0.28705783 0.28614262 0.28521201 0.28426581 0.28330385 0.28232598 0.28133203 0.28032186 0.2792953 0.27825222 0.27719249 0.27611596 0.27502252 0.27391206 0.27278445
0.31524681 0.31482486 0.3143948 0.3139565 0.31350984 0.31305467 0.31259085 0.31211825 0.3116367 0.31114608 0.31064623 0.31013699 0.30961822 0.30908975 0.30855142 0.30800308 0.30744455 0.30687567 0.30629628 0.30570619 0.30510524 0.30449325 0.30387003 0.30323542 0.30258922 0.30193126 0.30126134 0.30057928 0.29988489 0.29917799 0.29845837 0.29772586 0.29698025 0.29622135 0.29544898 0.29466293 0.29386303 0.29304906 0.29222086 0.29137821 0.29052095 0.28964888 0.28876183 0.2878596 0.28694202 0.28600893 0.28506014 0.2840955 0.28311485 0.28211802 0.28110487 0.28007525 0.27902903 0.27796607 0.27688626 0.27578947 0.2746756
0.31648609 0.31607365 0.31565319 0.31522458 0.31478769 0.31434239 0.31388853 0.31342597 0.31295456 0.31247417 0.31198463 0.31148581 0.31097754 0.31045967 0.30993204 0.30939448 0.30884683 0.30828893 0.3077206 0.30714167 0.30655197 0.30595132 0.30533954 0.30471645 0.30408187 0.30343562 0.30277749 0.30210732 0.3014249 0.30073006 0.30002258 0.29930229 0.29856899 0.29782248 0.29706257 0.29628907 0.29550178 0.29470051 0.29388507 0.29305526 0.29221091 0.29135181 0.29047778 0.28958865 0.28868424 0.28776436 0.28682885 0.28587754 0.28491027 0.28392688 0.28292722 0.28191114 0.2808785 0.27982917 0.27876303 0.27767996 0.27657984
0.31773171 0.31732888 0.31691812 0.31649931 0.3160723 0.31563697 0.31519318 0.31474077 0.31427962 0.31380957 0.31333048 0.31284219 0.31234455 0.3118374 0.31132059 0.31079395 0.31025731 0.30971051 0.30915338 0.30858575 0.30800743 0.30741827 0.30681806 0.30620664 0.30558382 0.30494942 0.30430324 0.30364509 0.30297479 0.30229215 0.30159696 0.30088904 0.3001682 0.29943422 0.29868692 0.29792611 0.29715158 0.29636314 0.29556061 0.29474377 0.29391245 0.29306645 0.29220559 0.29132968 0.29043854 0.289532 0.28860987 0.287672 0.2867182 0.28574834 0.28476224 0.28375977 0.28274079 0.28170515 0.28065273 0.27958341 0.27849709
