landslides_training_model/shapes/shapes_mean/support_vector_machine_mean_suc.tif
NCOLS 441
NROWS 451
XLLCORNER -92.213079
YLLCORNER 13.747265
DX 0.0090151111
DY 0.0090031242
NODATA_VALUE -9999
[rows 350 to 374 of 451, columns 285 to 341 of 441]
0.24750509 0.23607442 0.22826341 0.24572372 0.25084188 0.25301106 0.2646087 0.2831651 0.34604227 0.29550339 0.3001701 0.29166151 0.29833267 0.28902859 0.28964022 0.29035053 0.31694623 0.31308146 0.32617169 0.32051477 0.36451634 0.34726454 0.32801353 0.34360451 0.37008286 0.39459539 0.41555325 0.4351289 0.48490246 0.52744915 0.53035566 0.46499579 0.41024455 0.40238761 0.40478398 0.40605737 0.38379283 0.37114573 0.35791132 0.35096481 0.3205857 0.3802172 0.37235803 0.3619672 0.34067618 0.3425699 0.35721646 0.3769328 0.38094255 0.39328274 0.39723396 0.40363915 0.40658177 0.46291265 0.44038705 0.39679436 0.3824133
0.23067989 0.2712058 0.2649692 0.24508018 0.24352533 0.25061243 0.29128862 0.30780615 0.34453441 0.30710732 0.28435156 0.29538831 0.30411991 0.32008708 0.32334696 0.30823171 0.31586233 0.32130377 0.30632629 0.30218037 0.29360656 0.29366986 0.30244503 0.338853 0.38399615 0.41010622 0.4119507 0.43221087 0.50534069 0.54464754 0.54289755 0.48948241 0.4261857 0.41500838 0.4041922 0.39937898 0.37825535 0.3361272 0.36413954 0.32304411 0.39304939 0.37956637 0.40748888 0.37492405 0.35156111 0.28456755 0.33030561 0.33693435 0.31779397 0.33230358 0.3590277 0.39843438 0.41956339 0.47666722 0.45016484 0.40671519 0.38967441
0.23276172 0.25991937 0.2153871 0.2263241 0.24010859 0.25963541 0.26069862 0.28775144 0.32720417 0.3043151 0.26370334 0.30979014 0.32258708 0.33995463 0.33264166 0.31340559 0.29807254 0.31058706 0.29639192 0.26945878 0.26682319 0.28099656 0.29917209 0.3224192 0.33470433 0.36104196 0.40374082 0.46916447 0.55088223 0.56577471 0.54008261 0.46245407 0.44608983 0.40222418 0.38434358 0.38386625 0.346269 0.34500548 0.35867934 0.39267905 0.40041593 0.38794524 0.33689732 0.35966856 0.36767667 0.35492421 0.27748607 0.29036454 0.31005469 0.32732113 0.32337477 0.40111078 0.44907864 0.492022 0.46062141 0.41980346 0.39640197
0.26717262 0.22334283 0.21630827 0.23302054 0.2494575 0.25323317 0.26291616 0.29871741 0.30680083 0.27121757 0.2768047 0.31604474 0.32273113 0.32031554 0.33387793 0.30278218 0.29529593 0.29506675 0.29645719 0.27421525 0.2675961 0.29181609 0.3134233 0.32982399 0.33144252 0.34561558 0.38181001 0.44744112 0.50369526 0.52423306 0.51161045 0.44982379 0.39157687 0.38975798 0.38477535 0.35869023 0.34956503 0.35812492 0.35020902 0.38286204 0.39131229 0.37577327 0.38615948 0.38558705 0.38284575 0.37527063 0.359554 0.28444879 0.35056847 0.36657861 0.37657962 0.39507453 0.4247493 0.50111188 0.47803763 0.43265611 0.40136651
0.24746486 0.26433914 0.21942067 0.22560674 0.24521759 0.25248044 0.28642356 0.29903446 0.28774971 0.30658174 0.28356209 0.35219376 0.34400344 0.32071467 0.3217558 0.3072979 0.28730416 0.29011838 0.2923232 0.30670602 0.28158393 0.28211875 0.28963163 0.30911589 0.34597504 0.3761845 0.3888006 0.42108738 0.45659643 0.47320801 0.51691814 0.48905182 0.43066626 0.41696215 0.38414254 0.37145812 0.35571612 0.31581638 0.37550235 0.36959364 0.41556275 0.40707329 0.40664245 0.40677726 0.40307862 0.39707553 0.38727535 0.37726521 0.37822816 0.38375329 0.39076879 0.40202634 0.42636644 0.56566856 0.48400424 0.43017549 0.40380472
0.25701972 0.24812837 0.23480148 0.22067668 0.22517201 0.26037746 0.27087149 0.280514 0.27570333 0.29108929 0.32611174 0.33455247 0.33416823 0.31567188 0.30871245 0.28933509 0.28453693 0.30005329 0.29788735 0.31076965 0.30005385 0.32226496 0.31414037 0.33336623 0.37041412 0.39033376 0.41594517 0.46442269 0.48173055 0.47315868 0.48207833 0.47292955 0.41886728 0.37214963 0.3766762 0.32526083 0.3217613 0.3652684 0.38405334 0.39093347 0.40323596 0.43795133 0.44576542 0.45626333 0.43616834 0.43805953 0.41689943 0.40233664 0.39729286 0.39902159 0.40389997 0.41085474 0.42254971 0.44138628 0.46831362 0.43707203 0.40499731
0.30435535 0.25667849 0.23821327 0.24766106 0.2353426 0.28165722 0.26507896 0.28648441 0.30502457 0.33037241 0.3388496 0.33847272 0.30782675 0.30917924 0.32371777 0.31930376 0.31219161 0.30926771 0.30883113 0.30246792 0.31097259 0.32774407 0.35696515 0.38949217 0.42839711 0.44834113 0.46837207 0.48730276 0.49254964 0.48539368 0.45565969 0.44552387 0.43385262 0.3679832 0.37290197 0.31214755 0.32651577 0.3470866 0.39179073 0.3878812 0.3925434 0.44629937 0.51704062 0.55963598 0.48224354 0.51473332 0.46666364 0.42675778 0.414598 0.41935364 0.42637704 0.43011167 0.43386768 0.45233245 0.4596771 0.42969118 0.40361497
0.35447028 0.29168546 0.27229862 0.27192535 0.26352494 0.25742739 0.26879192 0.26333715 0.3016717 0.31511605 0.32625379 0.36009805 0.34987261 0.35548563 0.34366084 0.33853027 0.3474505 0.33020807 0.3263887 0.31107193 0.30810631 0.33353303 0.37891182 0.42233088 0.4480513 0.46782109 0.48746332 0.50004116 0.49019757 0.46826603 0.46881262 0.46949087 0.46516503 0.37347579 0.38662882 0.38812343 0.3890831 0.39480018 0.40596545 0.42068849 0.40446688 0.46399756 0.54854976 0.60143642 0.53572992 0.57507312 0.54859088 0.44146591 0.43313048 0.47623135 0.49666045 0.49091028 0.46586802 0.50121034 0.45221945 0.41744317 0.40086089
0.40900702 0.36879072 0.32354182 0.31534073 0.27589988 0.25768011 0.26988577 0.26120641 0.26883572 0.2878926 0.30649965 0.33915269 0.37776685 0.37986096 0.35516765 0.34056758 0.33425339 0.32966214 0.30306478 0.29398794 0.30583545 0.32843112 0.38203416 0.41359964 0.44615572 0.47059505 0.48656392 0.47342036 0.46263074 0.46815228 0.46904432 0.46584456 0.42554935 0.40555152 0.37417153 0.40501574 0.40497553 0.40610912 0.41397781 0.43438446 0.41602791 0.45352863 0.47636347 0.51778294 0.55974017 0.46124415 0.4420423 0.43000316 0.44062529 0.57659089 0.60441479 0.58094749 0.53129049 0.49231518 0.44339021 0.41237487 0.39822606
0.46743956 0.47768965 0.39840665 0.36337056 0.26310586 0.24316118 0.259259 0.26197803 0.27099108 0.31645063 0.33234628 0.33795147 0.3506444 0.35912096 0.34422645 0.3241266 0.33921968 0.33006813 0.31798661 0.30252939 0.30950067 0.32641474 0.38103024 0.40577234 0.42828936 0.46470424 0.4737073 0.47612887 0.48451548 0.48412105 0.50301479 0.49811455 0.40603925 0.42808609 0.42234053 0.4189862 0.40945952 0.39969569 0.41492434 0.42359265 0.4385395 0.45410031 0.43966612 0.44207251 0.44233474 0.43320139 0.42471112 0.42108375 0.42674835 0.44537486 0.47154544 0.60321311 0.63396224 0.48624379 0.42744268 0.40668837 0.39537204
0.48728748 0.50828645 0.48919681 0.44799186 0.30193765 0.26638325 0.26080596 0.27026565 0.27245845 0.3176749 0.30256221 0.34986706 0.36213303 0.35789131 0.33086035 0.33737699 0.34118914 0.34310075 0.34015813 0.31140339 0.28900804 0.31799656 0.36481096 0.40666084 0.39636904 0.43955804 0.46617163 0.47287587 0.49789674 0.50640527 0.49286941 0.47728525 0.45524623 0.44725554 0.44166801 0.43463609 0.41468797 0.37183434 0.41970518 0.4263895 0.43625239 0.42388225 0.43811481 0.43262248 0.42503009 0.42036604 0.41627501 0.41435246 0.41617521 0.42251749 0.43393557 0.45041078 0.45390034 0.43451739 0.41336615 0.40053376 0.39224723
0.45914967 0.47665582 0.47890289 0.46410508 0.32850787 0.2638405 0.26417236 0.2771491 0.30245383 0.27850356 0.29041648 0.30634495 0.3351852 0.32734998 0.33761546 0.34079448 0.36330752 0.35362378 0.3404396 0.31835971 0.29371845 0.32742767 0.35248296 0.38691167 0.40696839 0.43358011 0.4719952 0.49374391 0.50049716 0.4971154 0.49260551 0.49172501 0.48554111 0.47006108 0.46927009 0.46578192 0.43868665 0.42709637 0.43161605 0.43186593 0.43122342 0.40667222 0.42852167 0.42164378 0.41777102 0.41417556 0.41120505 0.40943406 0.40940435 0.41128942 0.41468693 0.41783045 0.41700829 0.41072546 0.40233942 0.39500092 0.38921453
0.49322484 0.49598249 0.49217319 0.42925401 0.29281272 0.26543593 0.26548788 0.27041329 0.27293281 0.27948436 0.29422281 0.31130916 0.33330984 0.31082242 0.32483048 0.32705937 0.34700717 0.35656782 0.35441425 0.32055326 0.30942184 0.32720305 0.36279344 0.39470198 0.42806575 0.45424908 0.46844675 0.50079645 0.52789681 0.53310578 0.52234828 0.5240978 0.52693189 0.50178754 0.50565406 0.50667195 0.45248442 0.43407265 0.44399256 0.44052877 0.44148464 0.4354636 0.42260678 0.41802259 0.41415347 0.41075735 0.40794778 0.4059238 0.404832 0.40461659 0.40487773 0.40475161 0.40316263 0.39974441 0.39525433 0.39069759 0.3865854
0.50751155 0.49106536 0.44260082 0.31944047 0.27839881 0.27159712 0.27832995 0.29902564 0.26863734 0.26088352 0.28124182 0.31156222 0.29916333 0.30987605 0.33128689 0.32805622 0.34521926 0.35667145 0.34937814 0.3447554 0.34960767 0.35694885 0.35840128 0.3979695 0.44315067 0.46683829 0.47480106 0.51456219 0.56879017 0.59210637 0.57215661 0.53795431 0.53633259 0.54142354 0.53712269 0.51583702 0.49216445 0.48403618 0.46000993 0.44210816 0.44066485 0.4291356 0.42205945 0.41666996 0.41234406 0.40874254 0.40577139 0.40342268 0.40167543 0.40041449 0.39937533 0.3981531 0.39634895 0.39382059 0.39077355 0.38756308 0.3844624
0.47101277 0.43991415 0.38721092 0.29351062 0.2739222 0.28233714 0.2833285 0.28645898 0.27143509 0.26772783 0.2657162 0.29242913 0.30488411 0.30774432 0.31432526 0.35020356 0.33010516 0.35615334 0.3427815 0.33107313 0.34760184 0.34436682 0.35129132 0.3851158 0.42690556 0.46326281 0.50151911 0.54067078 0.58781547 0.60556199 0.59984317 0.55353421 0.502306 0.52318608 0.54155412 0.56780381 0.55346264 0.49639129 0.4842684 0.41805233 0.44183566 0.43084265 0.42245173 0.41622702 0.41138244 0.40746756 0.40425179 0.40161059 0.39944596 0.39763372 0.39599862 0.39432951 0.39244211 0.39025886 0.38783539 0.38530563 0.38280217
0.41189431 0.34981796 0.30212959 0.28419235 0.29026077 0.35835578 0.30361269 0.28307622 0.28303323 0.3111629 0.28438914 0.30864492 0.31632796 0.31382859 0.33042031 0.31949319 0.34942702 0.36325705 0.36372568 0.36423465 0.38817962 0.36143837 0.37975714 0.42559287 0.48498107 0.52840799 0.56489733 0.55205977 0.57935854 0.61319462 0.61605836 0.57551735 0.53974026 0.54911342 0.55209452 0.55119058 0.54791093 0.54243989 0.54459151 0.54441581 0.45290994 0.4331963 0.4229807 0.4160046 0.41073663 0.40654555 0.40311011 0.40024313 0.39781138 0.39569311 0.39376038 0.39188459 0.38996099 0.38793638 0.38581807 0.38365573 0.38151106
0.36819971 0.33571096 0.28863177 0.27723171 0.30739175 0.40823881 0.30680069 0.30453014 0.29164524 0.3087017 0.30649341 0.29759233 0.32922454 0.3021844 0.34707035 0.33437547 0.34478112 0.35812369 0.35452057 0.38460139 0.4270311 0.43048562 0.44948957 0.45889573 0.51473835 0.54858038 0.57175985 0.55630624 0.5918453 0.62125781 0.61121658 0.59129627 0.58728469 0.58060151 0.5738737 0.6035589 0.61176889 0.60173589 0.56912984 0.47986908 0.44998509 0.43316159 0.42279519 0.41556339 0.41009137 0.40573733 0.40215665 0.39914086 0.3965458 0.39425583 0.39216825 0.39019198 0.38825565 0.38631705 0.38436594 0.3824168 0.38049596
0.36395197 0.3506616 0.28902713 0.28536044 0.34144694 0.37618701 0.33840408 0.30863256 0.32010247 0.31415013 0.31760324 0.30586479 0.3116742 0.31575168 0.32538269 0.33776229 0.35719739 0.3464576 0.35045073 0.39718924 0.44055045 0.45082118 0.46007632 0.50124815 0.53640924 0.54610686 0.55668279 0.57028618 0.60005372 0.62385296 0.61487954 0.58718153 0.56918817 0.56623904 0.58611442 0.60175268 0.58874704 0.57776382 0.49589603 0.4646131 0.44459657 0.4311617 0.42171346 0.41471724 0.40928404 0.40490315 0.40126731 0.39817847 0.39549783 0.39311903 0.39095498 0.38893385 0.38700025 0.38511788 0.38326973 0.38145454 0.37968064
0.37915365 0.37612597 0.32469669 0.2930003 0.31931317 0.42207346 0.46212746 0.3383617 0.35574057 0.35989567 0.3630454 0.35031894 0.35454629 0.34854378 0.35003945 0.36659814 0.35890841 0.37390131 0.38023329 0.41405208 0.46522566 0.50948183 0.5110103 0.53126047 0.55632781 0.5272906 0.57144527 0.60729061 0.59304969 0.61522507 0.63496579 0.62244836 0.59835356 0.57201134 0.55730254 0.54698503 0.48565853 0.49367559 0.47228669 0.45351054 0.43916967 0.42830469 0.41998716 0.4134834 0.40826633 0.40397615 0.40036866 0.39727389 0.39456828 0.39215733 0.38996595 0.3879341 0.38601555 0.38417788 0.38240169 0.38067844 0.37900714
0.41093135 0.40717108 0.38664224 0.31279363 0.32825273 0.4386947 0.4575092 0.34782564 0.33324468 0.36349939 0.38093611 0.35535386 0.35827752 0.35163341 0.36918786 0.36517021 0.39174513 0.38762062 0.38614595 0.41760523 0.4375565 0.46448613 0.47487416 0.57171213 0.57983358 0.58976657 0.54997188 0.56727165 0.60677812 0.60427214 0.62268405 0.6387179 0.63207534 0.60786699 0.56030213 0.5077512 0.48762103 0.47257606 0.4582229 0.44513973 0.43414151 0.42517041 0.41789655 0.41196145 0.40705603 0.40293789 0.3994242 0.39637782 0.39369438 0.39129259 0.38910793 0.38708911 0.38519631 0.38340025 0.38168118 0.38002731 0.37843286
0.4175966 0.4160385 0.40911199 0.34282136 0.34310979 0.41597114 0.40913147 0.35182924 0.37200443 0.38212896 0.38881798 0.37704903 0.36184599 0.35557966 0.34819469 0.3464404 0.35506928 0.35875336 0.37102225 0.41047498 0.38117801 0.4142302 0.47542313 0.50492186 0.5631905 0.54684853 0.57040579 0.60095903 0.62599069 0.62102544 0.60260485 0.62315098 0.63342791 0.59172997 0.52238441 0.49403307 0.47537317 0.46109875 0.4490825 0.43862469 0.42963711 0.42203013 0.41563535 0.41025404 0.40569581 0.40179642 0.39842158 0.39546402 0.39283841 0.39047654 0.38832359 0.38633563 0.38447804 0.3827245 0.38105595 0.37945945 0.37792686
0.41375438 0.42161492 0.4344385 0.39114662 0.38333076 0.46347109 0.46029477 0.39728211 0.37413477 0.37625792 0.37991728 0.36753801 0.35304762 0.3480357 0.35456813 0.34087303 0.37312597 0.36793643 0.37613009 0.36096803 0.39528241 0.41571674 0.4635657 0.51767549 0.56123082 0.56620972 0.5283922 0.57897283 0.58823799 0.59957745 0.62114308 0.6226618 0.59030399 0.53601249 0.50326315 0.48116225 0.46514677 0.45258469 0.44216815 0.4332636 0.4255897 0.4189863 0.41331492 0.40843925 0.40422984 0.40057069 0.39736226 0.39452139 0.39197949 0.38968028 0.3875777 0.38563434 0.38382022 0.38211188 0.38049154 0.37894625 0.37746691
0.43366931 0.4138272 0.42428918 0.43450867 0.43428531 0.46660678 0.43676067 0.40205379 0.39138623 0.392622 0.38734391 0.36413765 0.33390778 0.34004193 0.35545974 0.34411484 0.36186447 0.3727186 0.43236514 0.3464001 0.46921022 0.44181097 0.50385915 0.43701416 0.51797997 0.58083248 0.58866173 0.59661829 0.62473477 0.65041786 0.6611382 0.63591181 0.58462956 0.52116432 0.4906881 0.47105281 0.45676095 0.4455802 0.4363898 0.42859719 0.42188307 0.41605892 0.41099113 0.40656901 0.40269478 0.39928178 0.39625444 0.39354801 0.39110766 0.38888745 0.38684908 0.38496093 0.38319723 0.38153733 0.37996506 0.37846807 0.37703715
0.48042102 0.46172112 0.47934951 0.51623615 0.49489198 0.44673226 0.41724069 0.40933181 0.39616593 0.39646843 0.36316313 0.35043913 0.33953181 0.3233728 0.35386097 0.36070707 0.40250502 0.37327247 0.40686391 0.32798164 0.41880836 0.4151128 0.48604936 0.46633392 0.51380084 0.53937559 0.5313415 0.52479891 0.54341869 0.63032391 0.63604834 0.63165738 0.58394017 0.51137807 0.48097589 0.4624902 0.44945584 0.43942192 0.43125169 0.42435848 0.41841829 0.4132381 0.40868951 0.40467605 0.40111852 0.39794908 0.39510888 0.39254703 0.39021978 0.38808984 0.38612562 0.38430066 0.38259299 0.38098468 0.37946131 0.37801148 0.37662637
0.5234064 0.49658463 0.49071182 0.52492813 0.52528956 0.48406323 0.41153259 0.39558447 0.39088179 0.39293524 0.37701985 0.35514303 0.33973514 0.34718511 0.36814319 0.35695213 0.38568453 0.39077145 0.39909312 0.31465008 0.34846899 0.34882009 0.40961032 0.49533782 0.48229589 0.4862593 0.48542451 0.49159731 0.51149663 0.58343103 0.63733647 0.60990329 0.55703611 0.50025169 0.47133059 0.45433734 0.44263267 0.43371818 0.42648987 0.42039439 0.41512786 0.41050958 0.40642216 0.40278154 0.39952207 0.39658933 0.39393682 0.39152428 0.38931684 0.3872844 0.38540114 0.38364509 0.38199775 0.38044373 0.37897038 0.37756747 0.3762268
