landslides_training_model/shapes/shapes_mean/support_vector_machine_mean_suc.tif
NCOLS 441
NROWS 451
XLLCORNER -92.213079
YLLCORNER 13.747265
DX 0.0090151111
DY 0.0090031242
NODATA_VALUE -9999
[rows 400 to 424 of 451, columns 342 to 398 of 441]
0.36627244 0.36573045 0.36518908 0.36464876 0.3641099 0.36357284 0.36303788 0.36250532 0.3619754 0.36144833 0.36092431 0.36040351 0.35988606 0.3593721 0.35886174 0.35835507 0.35785216 0.35735308 0.35685788 0.3563666 0.35587929 0.35539595 0.35491661 0.35444128 0.35396995 0.35350262 0.3530393 0.35257995 0.35212457 0.35167314 0.35122562 0.35078201 0.35034225 0.34990634 0.34947423 0.34904588 0.34862127 0.34820036 0.3477831 0.34736946 0.3469594 0.34655288 0.34614986 0.3457503 0.34535415 0.34496138 0.34457195 0.34418581 0.34380292 0.34342324 0.34304674 0.34267336 0.34230308 0.34193585 0.34157163 0.34121038 0.34085207
0.36599542 0.36546658 0.364938 0.36441011 0.3638833 0.36335791 0.36283427 0.36231264 0.36179329 0.36127643 0.36076226 0.36025097 0.35974269 0.35923758 0.35873574 0.35823728 0.35774228 0.35725082 0.35676297 0.35627877 0.35579826 0.35532149 0.35484847 0.35437922 0.35391375 0.35345207 0.35299417 0.35254006 0.35208973 0.35164315 0.35120032 0.35076122 0.35032582 0.3498941 0.34946603 0.34904158 0.34862073 0.34820344 0.34778968 0.34737942 0.34697262 0.34656925 0.34616926 0.34577263 0.34537932 0.34498929 0.3446025 0.34421892 0.34383851 0.34346122 0.34308703 0.3427159 0.34234779 0.34198265 0.34162047 0.34126119 0.34090478
0.36572319 0.3652068 0.36469036 0.3641743 0.36365899 0.36314477 0.36263197 0.36212085 0.36161167 0.36110466 0.36060002 0.36009793 0.35959856 0.35910204 0.3586085 0.35811805 0.35763078 0.35714678 0.35666612 0.35618886 0.35571505 0.35524473 0.35477793 0.35431468 0.353855 0.3533989 0.35294639 0.35249747 0.35205214 0.35161039 0.35117222 0.35073761 0.35030654 0.349879 0.34945496 0.34903441 0.34861732 0.34820366 0.34779341 0.34738653 0.346983 0.34658279 0.34618586 0.34579218 0.34540172 0.34501445 0.34463033 0.34424933 0.34387141 0.34349654 0.34312469 0.34275583 0.3423899 0.3420269 0.34166677 0.34130949 0.34095501
0.36545555 0.36495096 0.36444606 0.36394126 0.36343692 0.3629334 0.36243099 0.36192996 0.36143059 0.36093308 0.36043765 0.35994448 0.35945374 0.35896558 0.35848012 0.35799748 0.35751777 0.35704106 0.35656745 0.356097 0.35562976 0.35516579 0.35470512 0.35424779 0.35379382 0.35334324 0.35289605 0.35245227 0.3520119 0.35157495 0.3511414 0.35071126 0.3502845 0.34986113 0.34944112 0.34902446 0.34861113 0.3482011 0.34779435 0.34739087 0.34699062 0.34659357 0.34619971 0.345809 0.34542141 0.34503691 0.34465548 0.34427708 0.34390168 0.34352925 0.34315976 0.34279318 0.34242947 0.34206861 0.34171057 0.3413553 0.34100279
0.36519229 0.36469888 0.36420495 0.36371089 0.36321705 0.36272376 0.36223132 0.36174001 0.36125008 0.36076175 0.36027522 0.3597907 0.35930834 0.35882829 0.3583507 0.35787568 0.35740334 0.35693377 0.35646706 0.35600329 0.3555425 0.35508477 0.35463014 0.35417864 0.35373031 0.35328517 0.35284325 0.35240456 0.35196911 0.35153691 0.35110796 0.35068226 0.3502598 0.34984058 0.34942458 0.3490118 0.34860222 0.34819582 0.34779258 0.34739249 0.34699553 0.34660166 0.34621087 0.34582314 0.34543843 0.34505672 0.34467799 0.34430221 0.34392935 0.34355937 0.34319227 0.34282799 0.34246653 0.34210784 0.3417519 0.34139867 0.34104814
0.36493318 0.36445041 0.36396693 0.36348311 0.3629993 0.36251582 0.36203297 0.361551 0.36107016 0.36059069 0.36011278 0.35963663 0.35916241 0.35869026 0.35822032 0.35775273 0.35728759 0.356825 0.35636505 0.35590781 0.35545337 0.35500177 0.35455308 0.35410733 0.35366456 0.3532248 0.35278809 0.35235444 0.35192386 0.35149638 0.35107199 0.3506507 0.35023251 0.34981742 0.34940542 0.34899651 0.34859067 0.34818789 0.34778817 0.34739147 0.34699779 0.34660711 0.34621941 0.34583466 0.34545285 0.34507394 0.34469793 0.34432478 0.34395447 0.34358697 0.34322226 0.34286032 0.34250111 0.34214461 0.34179079 0.34143964 0.34109111
0.364678 0.36420535 0.36373183 0.36325781 0.36278361 0.36230954 0.36183588 0.3613629 0.36089085 0.36041994 0.35995037 0.35948233 0.359016 0.35855153 0.35808905 0.3576287 0.35717059 0.35671482 0.35626149 0.35581068 0.35536245 0.35491689 0.35447404 0.35403395 0.35359666 0.35316222 0.35273065 0.35230198 0.35187623 0.35145342 0.35103356 0.35061665 0.35020271 0.34979173 0.34938371 0.34897865 0.34857655 0.34817739 0.34778117 0.34738787 0.34699748 0.34660999 0.34622537 0.34584362 0.34546471 0.34508862 0.34471534 0.34434483 0.34397709 0.34361208 0.34324979 0.34289019 0.34253326 0.34217897 0.34182729 0.34147822 0.34113171
0.36442654 0.36396353 0.36349953 0.36303487 0.36256987 0.36210484 0.36164004 0.36117573 0.36071214 0.3602495 0.35978801 0.35932785 0.35886918 0.35841217 0.35795696 0.35750368 0.35705243 0.35660334 0.35615648 0.35571196 0.35526984 0.3548302 0.3543931 0.35395858 0.35352671 0.35309751 0.35267102 0.35224728 0.35182631 0.35140813 0.35099276 0.3505802 0.35017047 0.34976358 0.34935953 0.34895831 0.34855993 0.34816438 0.34777166 0.34738175 0.34699465 0.34661035 0.34622883 0.34585007 0.34547407 0.34510081 0.34473026 0.34436242 0.34399725 0.34363475 0.34327489 0.34291765 0.34256301 0.34221094 0.34186143 0.34151446 0.34116999
0.36417858 0.36372477 0.36326987 0.36281418 0.36235802 0.36190166 0.36144539 0.36098943 0.36053403 0.3600794 0.35962572 0.3591732 0.35872198 0.35827224 0.35782411 0.35737771 0.35693317 0.3564906 0.35605009 0.35561174 0.35517561 0.3547418 0.35431035 0.35388132 0.35345478 0.35303075 0.35260929 0.35219042 0.35177418 0.35136058 0.35094966 0.35054142 0.35013588 0.34973305 0.34933294 0.34893555 0.34854087 0.34814892 0.34775969 0.34737317 0.34698936 0.34660825 0.34622982 0.34585407 0.34548099 0.34511055 0.34474276 0.34437758 0.34401501 0.34365502 0.3432976 0.34294274 0.3425904 0.34224058 0.34189325 0.34154839 0.34120599
0.3639339 0.3634889 0.3630427 0.36259562 0.36214794 0.36169995 0.36125189 0.360804 0.36035651 0.35990962 0.35946353 0.35901841 0.35857444 0.35813177 0.35769053 0.35725086 0.35681288 0.35637669 0.35594239 0.35551008 0.35507984 0.35465175 0.35422586 0.35380224 0.35338095 0.35296203 0.35254552 0.35213147 0.35171991 0.35131086 0.35090434 0.35050039 0.35009901 0.34970021 0.34930402 0.34891043 0.34851945 0.34813109 0.34774534 0.3473622 0.34698167 0.34660375 0.34622842 0.34585567 0.34548551 0.34511791 0.34475287 0.34439037 0.34403039 0.34367293 0.34331797 0.34296549 0.34261548 0.34226791 0.34192277 0.34158005 0.34123972
0.36369229 0.36325572 0.36281788 0.36237907 0.36193956 0.36149962 0.36105948 0.36061939 0.36017955 0.35974017 0.35930143 0.35886352 0.35842659 0.3579908 0.35755629 0.35712318 0.3566916 0.35626165 0.35583344 0.35540706 0.3549826 0.35456012 0.3541397 0.35372141 0.3533053 0.35289141 0.3524798 0.35207051 0.35166357 0.35125902 0.35085688 0.35045717 0.35005991 0.34966513 0.34927283 0.34888303 0.34849573 0.34811094 0.34772866 0.34734889 0.34697164 0.3465969 0.34622466 0.34585493 0.34548768 0.34512292 0.34476064 0.34440082 0.34404346 0.34368854 0.34333604 0.34298596 0.34263828 0.34229298 0.34195005 0.34160947 0.34127123
0.36345356 0.36302508 0.36259528 0.36216442 0.36173278 0.3613006 0.36086812 0.36043556 0.36000313 0.35957103 0.35913943 0.35870852 0.35827845 0.35784936 0.35742141 0.35699471 0.35656939 0.35614555 0.35572331 0.35530274 0.35488394 0.35446699 0.35405195 0.3536389 0.35322789 0.35281897 0.3524122 0.35200761 0.35160525 0.35120514 0.35080733 0.35041183 0.35001867 0.34962787 0.34923944 0.34885341 0.34846976 0.34808853 0.34770971 0.34733331 0.34695933 0.34658776 0.34621862 0.34585189 0.34548757 0.34512565 0.34476613 0.344409 0.34405425 0.34370187 0.34335185 0.34300418 0.34265884 0.34231582 0.34197511 0.34163669 0.34130055
0.3632175 0.36279681 0.36237474 0.36195155 0.3615275 0.36110282 0.36067775 0.36025249 0.35982724 0.3594022 0.35897754 0.35855343 0.35813003 0.35770748 0.35728593 0.35686549 0.35644629 0.35602844 0.35561203 0.35519717 0.35478394 0.35437241 0.35396267 0.35355478 0.35314879 0.35274478 0.35234277 0.35194283 0.351545 0.3511493 0.35075577 0.35036445 0.34997535 0.3495885 0.34920392 0.34882162 0.34844162 0.34806393 0.34768855 0.3473155 0.34694478 0.34657639 0.34621033 0.3458466 0.3454852 0.34512613 0.34476938 0.34441494 0.34406281 0.34371298 0.34336544 0.34302018 0.34267719 0.34233647 0.34199798 0.34166174 0.34132771
0.36298394 0.36257074 0.36215613 0.36174034 0.36132363 0.36090621 0.3604883 0.36007011 0.35965184 0.35923365 0.35881574 0.35839826 0.35798136 0.35756519 0.35714988 0.35673556 0.35632235 0.35591036 0.35549968 0.35509041 0.35468264 0.35427645 0.35387192 0.3534691 0.35306808 0.35266889 0.3522716 0.35187625 0.35148288 0.35109154 0.35070226 0.35031507 0.34993 0.34954708 0.34916631 0.34878773 0.34841135 0.34803718 0.34766524 0.34729553 0.34692806 0.34656283 0.34619985 0.34583913 0.34548065 0.34512442 0.34477043 0.34441869 0.34406918 0.34372191 0.34337686 0.34303402 0.34269339 0.34235496 0.34201872 0.34168465 0.34135275
0.36275269 0.36234673 0.36193932 0.3615307 0.36112108 0.36071069 0.36029973 0.35988841 0.3594769 0.35906538 0.35865403 0.358243 0.35783244 0.35742249 0.35701329 0.35660496 0.3561976 0.35579135 0.35538628 0.3549825 0.3545801 0.35417916 0.35377975 0.35338194 0.35298579 0.35259137 0.35219873 0.35180791 0.35141897 0.35103194 0.35064687 0.35026378 0.3498827 0.34950366 0.34912669 0.3487518 0.34837902 0.34800836 0.34763983 0.34727345 0.34690922 0.34654715 0.34618724 0.34582951 0.34547394 0.34512055 0.34476934 0.34442029 0.34407341 0.34372869 0.34338613 0.34304573 0.34270747 0.34237134 0.34203735 0.34170547 0.34137571
0.36252359 0.36212464 0.3617242 0.3613225 0.36091976 0.36051619 0.36011198 0.35970732 0.35930239 0.35889736 0.3584924 0.35808766 0.35768329 0.35727942 0.35687618 0.3564737 0.35607209 0.35567145 0.35527189 0.3548735 0.35447638 0.35408059 0.35368622 0.35329333 0.352902 0.35251228 0.35212423 0.35173789 0.35135332 0.35097056 0.35058964 0.35021061 0.34983349 0.34945831 0.34908511 0.34871389 0.34834468 0.34797751 0.34761238 0.34724931 0.3468883 0.34652938 0.34617254 0.34581779 0.34546514 0.34511459 0.34476614 0.34441979 0.34407554 0.34373338 0.34339332 0.34305535 0.34271946 0.34238564 0.3420539 0.34172423 0.34139661
0.36229649 0.36190432 0.36151064 0.36111566 0.3607196 0.36032264 0.35992499 0.35952681 0.35912828 0.35872958 0.35833085 0.35793225 0.35753391 0.35713598 0.35673857 0.35634182 0.35594583 0.3555507 0.35515654 0.35476345 0.3543715 0.35398079 0.35359138 0.35320334 0.35281675 0.35243167 0.35204815 0.35166624 0.35128599 0.35090745 0.35053065 0.35015564 0.34978244 0.34941109 0.34904162 0.34867404 0.34830839 0.34794468 0.34758293 0.34722316 0.34686537 0.34650958 0.3461558 0.34580403 0.34545429 0.34510657 0.34476089 0.34441723 0.3440756 0.34373601 0.34339845 0.34306291 0.3427294 0.34239791 0.34206843 0.34174096 0.34141549
0.36207123 0.36168564 0.36129852 0.36091008 0.3605205 0.36012998 0.35973871 0.35934684 0.35895456 0.35856201 0.35816936 0.35777675 0.35738431 0.35699218 0.35660049 0.35620934 0.35581886 0.35542914 0.35504028 0.35465238 0.35426553 0.3538798 0.35349527 0.35311202 0.35273011 0.3523496 0.35197054 0.35159301 0.35121703 0.35084266 0.35046994 0.35009891 0.3497296 0.34936205 0.34899628 0.34863232 0.3482702 0.34790994 0.34755155 0.34719506 0.34684047 0.3464878 0.34613707 0.34578828 0.34544143 0.34509654 0.34475362 0.34441265 0.34407366 0.34373663 0.34340156 0.34306847 0.34273733 0.34240816 0.34208095 0.34175569 0.34143238
0.36184769 0.3614685 0.36108776 0.36070567 0.3603224 0.35993815 0.35955308 0.35916737 0.35878117 0.35839464 0.35800792 0.35762117 0.3572345 0.35684805 0.35646194 0.35607629 0.35569121 0.35530679 0.35492314 0.35454034 0.3541585 0.35377768 0.35339796 0.35301941 0.35264211 0.35226611 0.35189147 0.35151825 0.35114649 0.35077625 0.35040757 0.35004048 0.34967502 0.34931124 0.34894914 0.34858878 0.34823017 0.34787333 0.34751828 0.34716505 0.34681365 0.34646409 0.3461164 0.34577057 0.34542662 0.34508455 0.34474438 0.3444061 0.34406973 0.34373526 0.3434027 0.34307205 0.3427433 0.34241645 0.34209151 0.34176847 0.34144732
0.36162573 0.36125277 0.36087825 0.36050234 0.36012523 0.35974709 0.35936808 0.35898837 0.35860811 0.35822745 0.35784653 0.3574655 0.35708447 0.35670358 0.35632295 0.35594269 0.3555629 0.35518368 0.35480514 0.35442737 0.35405045 0.35367445 0.35329947 0.35292556 0.3525528 0.35218126 0.35181098 0.35144202 0.35107444 0.35070828 0.35034359 0.3499804 0.34961876 0.34925871 0.34890026 0.34854346 0.34818833 0.34783489 0.34748317 0.34713319 0.34678496 0.3464385 0.34609382 0.34575095 0.34540988 0.34507063 0.34473321 0.34439762 0.34406387 0.34373197 0.34340191 0.34307369 0.34274733 0.34242281 0.34210014 0.34177932 0.34146034
0.36140524 0.36103836 0.3606699 0.36030003 0.35992892 0.35955674 0.35918364 0.35880979 0.35843533 0.35806042 0.35768517 0.35730974 0.35693424 0.3565588 0.35618353 0.35580855 0.35543395 0.35505985 0.35468633 0.35431349 0.35394141 0.35357017 0.35319985 0.35283052 0.35246224 0.35209508 0.35172911 0.35136436 0.35100091 0.35063879 0.35027805 0.34991873 0.34956087 0.34920451 0.34884969 0.34849642 0.34814475 0.34779469 0.34744627 0.34709952 0.34675444 0.34641106 0.3460694 0.34572947 0.34539128 0.34505484 0.34472016 0.34438725 0.34405612 0.34372678 0.34339921 0.34307344 0.34274946 0.34242727 0.34210688 0.34178828 0.34147148
0.36118612 0.36082518 0.36046263 0.36009865 0.35973341 0.35936705 0.35899973 0.35863161 0.35826283 0.35789353 0.35752384 0.35715388 0.3567838 0.3564137 0.35604369 0.35567389 0.3553044 0.35493532 0.35456674 0.35419875 0.35383143 0.35346487 0.35309915 0.35273432 0.35237046 0.35200764 0.35164591 0.35128533 0.35092595 0.35056782 0.35021099 0.3498555 0.34950139 0.3491487 0.34879746 0.34844771 0.34809946 0.34775276 0.34740763 0.34706408 0.34672214 0.34638184 0.34604317 0.34570617 0.34537085 0.34503721 0.34470527 0.34437504 0.34404652 0.34371973 0.34339466 0.34307133 0.34274973 0.34242988 0.34211177 0.34179539 0.34148076
0.36096826 0.36061312 0.36025637 0.35989815 0.35953864 0.35917798 0.35881632 0.35845381 0.35809058 0.35772677 0.35736252 0.35699794 0.35663316 0.35626829 0.35590345 0.35553874 0.35517426 0.35481011 0.35444639 0.35408317 0.35372054 0.35335859 0.35299739 0.35263701 0.35227751 0.35191897 0.35156143 0.35120496 0.35084962 0.35049544 0.35014248 0.34979078 0.34944038 0.34909132 0.34874364 0.34839736 0.34805253 0.34770916 0.34736729 0.34702693 0.34668812 0.34635086 0.34601518 0.3456811 0.34534863 0.34501778 0.34468857 0.34436101 0.3440351 0.34371086 0.34338829 0.3430674 0.34274818 0.34243066 0.34211482 0.34180068 0.34148823
0.36075159 0.36040213 0.36005104 0.35969847 0.35934457 0.35898948 0.35863336 0.35827634 0.35791855 0.35756013 0.35720121 0.3568419 0.35648233 0.3561226 0.35576282 0.35540311 0.35504356 0.35468426 0.3543253 0.35396678 0.35360878 0.35325137 0.35289463 0.35253862 0.35218343 0.35182911 0.35147571 0.35112331 0.35077195 0.35042167 0.35007254 0.3497246 0.34937787 0.34903242 0.34868826 0.34834544 0.34800399 0.34766393 0.3473253 0.34698811 0.3466524 0.34631818 0.34598547 0.3456543 0.34532467 0.34499661 0.34467012 0.34434521 0.34402191 0.34370021 0.34338013 0.34306168 0.34274485 0.34242965 0.3421161 0.34180418 0.34149391
0.36053601 0.36019213 0.35984659 0.35949955 0.35915114 0.35880152 0.35845083 0.35809919 0.35774674 0.3573936 0.35703991 0.35668577 0.3563313 0.35597662 0.35562182 0.35526702 0.35491231 0.35455778 0.35420352 0.35384962 0.35349617 0.35314323 0.35279088 0.3524392 0.35208825 0.3517381 0.3513888 0.35104041 0.35069298 0.35034658 0.35000124 0.349657 0.34931392 0.34897203 0.34863138 0.34829198 0.34795388 0.34761711 0.3472817 0.34694766 0.34661504 0.34628384 0.34595409 0.34562581 0.34529901 0.34497372 0.34464994 0.34432769 0.34400698 0.34368783 0.34337023 0.34305421 0.34273976 0.34242689 0.34211561 0.34180593 0.34149784
