landslides_training_model/shapes/shapes_mean/support_vector_machine_mean_suc.tif
NCOLS 441
NROWS 451
XLLCORNER -92.213079
YLLCORNER 13.747265
DX 0.0090151111
DY 0.0090031242
NODATA_VALUE -9999
[rows 125 to 149 of 451, columns 57 to 113 of 441]
0.28192611 0.28094811 0.27995344 0.27894199 0.2779137 0.27686848 0.27580629 0.27472708 0.27363083 0.27251751 0.27138714 0.27023972 0.26907528 0.26789387 0.26669555 0.26548038 0.26424847 0.26299992 0.26173485 0.2604534 0.25915571 0.25784197 0.25651234 0.25516704 0.25380628 0.25243028 0.25103929 0.24963357 0.24821339 0.24677903 0.24533081 0.24386902 0.242394 0.24090608 0.23940561 0.23789296 0.23636849 0.23483258 0.23328563 0.23172804 0.23016021 0.22858257 0.22699553 0.22539953 0.223795 0.22218238 0.22056213 0.21893468 0.21730051 0.21566006 0.2140138 0.21236219 0.2107057 0.20904478 0.20737991 0.20571155 0.20404016
0.28369338 0.28272745 0.28174476 0.28074523 0.27972875 0.27869526 0.27764471 0.27657703 0.27549221 0.27439023 0.27327107 0.27213476 0.27098133 0.2698108 0.26862326 0.26741875 0.26619739 0.26495928 0.26370453 0.26243328 0.2611457 0.25984195 0.25852221 0.25718669 0.25583562 0.25446921 0.25308771 0.2516914 0.25028054 0.24885542 0.24741636 0.24596366 0.24449766 0.24301869 0.24152712 0.24002331 0.23850762 0.23698046 0.23544221 0.23389328 0.23233407 0.23076502 0.22918654 0.22759907 0.22600305 0.22439892 0.22278714 0.22116815 0.21954241 0.21791038 0.21627252 0.21462929 0.21298115 0.21132857 0.20967201 0.20801192 0.20634876
0.28547505 0.28452129 0.28355068 0.28256312 0.28155853 0.28053682 0.27949793 0.27844181 0.27736843 0.27627776 0.27516979 0.27404455 0.27290205 0.27174233 0.27056546 0.2693715 0.26816055 0.26693271 0.26568811 0.26442689 0.2631492 0.26185521 0.26054511 0.25921911 0.25787743 0.25652031 0.25514799 0.25376073 0.25235883 0.25094258 0.24951228 0.24806825 0.24661084 0.24514038 0.24365724 0.24216178 0.24065438 0.23913544 0.23760535 0.23606452 0.23451337 0.23295232 0.2313818 0.22980226 0.22821412 0.22661783 0.22501386 0.22340264 0.22178465 0.22016033 0.21853014 0.21689456 0.21525403 0.21360902 0.21195997 0.21030736 0.20865161
0.28727115 0.28632966 0.28537123 0.28439573 0.28340309 0.28239321 0.28136602 0.28032148 0.27925954 0.27818017 0.27708337 0.27596915 0.27483752 0.27368853 0.27252224 0.27133871 0.27013803 0.26892032 0.26768569 0.26643429 0.26516628 0.26388182 0.26258112 0.26126436 0.25993179 0.25858364 0.25722016 0.25584163 0.25444832 0.25304054 0.2516186 0.25018283 0.24873356 0.24727115 0.24579596 0.24430837 0.24280875 0.24129751 0.23977504 0.23824176 0.2366981 0.23514447 0.23358131 0.23200907 0.23042818 0.2288391 0.22724227 0.22563816 0.22402722 0.22240991 0.22078669 0.21915803 0.21752436 0.21588616 0.21424388 0.21259795 0.21094884
0.28908172 0.28815262 0.28720646 0.28624312 0.28526249 0.2842645 0.28324906 0.28221612 0.28116563 0.28009757 0.27901191 0.27790866 0.27678785 0.27564951 0.27449369 0.27332047 0.27212993 0.27092219 0.26969736 0.26845559 0.26719704 0.26592188 0.26463031 0.26332253 0.26199877 0.26065928 0.25930431 0.25793414 0.25654906 0.25514936 0.25373537 0.25230743 0.25086586 0.24941104 0.24794332 0.24646309 0.24497074 0.24346667 0.24195128 0.240425 0.23888824 0.23734144 0.23578504 0.23421949 0.23264522 0.23106269 0.22947236 0.22787469 0.22627012 0.22465913 0.22304217 0.2214197 0.21979217 0.21816004 0.21652376 0.21488377 0.21324051
0.29090682 0.28999022 0.28905644 0.28810534 0.28713682 0.28615078 0.28514714 0.28412583 0.28308681 0.28203004 0.2809555 0.27986319 0.27875313 0.27762536 0.27647993 0.2753169 0.27413637 0.27293844 0.27172323 0.2704909 0.26924159 0.26797548 0.26669278 0.2653937 0.26407846 0.26274731 0.26140051 0.26003834 0.2586611 0.25726909 0.25586264 0.25444209 0.25300778 0.25156007 0.25009934 0.24862597 0.24714037 0.24564293 0.24413407 0.24261421 0.24108379 0.23954323 0.23799298 0.23643349 0.23486521 0.23328859 0.2317041 0.23011219 0.22851332 0.22690795 0.22529655 0.22367957 0.22205746 0.22043067 0.21879966 0.21716486 0.2155267
0.29274649 0.29184253 0.29092124 0.28998249 0.28902616 0.28805214 0.28706035 0.28605071 0.28502318 0.2839777 0.28291427 0.28183287 0.28073351 0.27961623 0.27848109 0.27732814 0.27615747 0.27496919 0.27376343 0.27254033 0.27130004 0.27004275 0.26876867 0.26747799 0.26617096 0.26484782 0.26350885 0.26215432 0.26078454 0.25939982 0.25800048 0.25658687 0.25515935 0.25371828 0.25226405 0.25079704 0.24931765 0.2478263 0.24632342 0.24480941 0.24328473 0.24174981 0.2402051 0.23865105 0.23708812 0.23551677 0.23393746 0.23235064 0.23075679 0.22915636 0.22754982 0.22593762 0.22432021 0.22269805 0.22107158 0.21944123 0.21780743
0.29460081 0.29370963 0.29280096 0.29187466 0.29093061 0.28996869 0.28898881 0.2879909 0.28697487 0.28594071 0.28488836 0.28381783 0.28272912 0.28162227 0.28049731 0.27935432 0.27819339 0.27701461 0.27581811 0.27460403 0.27337255 0.27212383 0.27085808 0.26957553 0.2682764 0.26696094 0.26562944 0.26428218 0.26291947 0.26154162 0.26014896 0.25874185 0.25732065 0.25588574 0.25443749 0.25297632 0.25150261 0.25001681 0.24851932 0.24701059 0.24549106 0.24396117 0.24242138 0.24087215 0.23931393 0.23774719 0.23617239 0.23459 0.23300049 0.23140431 0.22980193 0.22819381 0.2265804 0.22496215 0.2233395 0.22171288 0.22008273
0.29646986 0.2955916 0.29469568 0.29378196 0.2928503 0.29190057 0.29093267 0.28994652 0.28894205 0.28791919 0.28687793 0.28581825 0.28474014 0.28364364 0.28252878 0.28139564 0.28024429 0.27907485 0.27788743 0.27668218 0.27545927 0.27421887 0.27296119 0.27168646 0.27039491 0.26908681 0.26776242 0.26642205 0.26506599 0.26369459 0.26230818 0.26090711 0.25949175 0.2580625 0.25661973 0.25516385 0.25369529 0.25221446 0.25072181 0.24921776 0.24770278 0.24617731 0.24464181 0.24309675 0.24154259 0.23997981 0.23840886 0.23683022 0.23524436 0.23365175 0.23205284 0.2304481 0.22883798 0.22722293 0.22560339 0.22397979 0.22235256
0.29835373 0.29748855 0.29660553 0.29570452 0.29478535 0.29384791 0.29289207 0.29191775 0.29092486 0.28991334 0.28888316 0.2878343 0.28676674 0.28568052 0.28457568 0.28345227 0.28231038 0.28115011 0.27997159 0.27877496 0.27756038 0.27632805 0.27507817 0.27381096 0.27252667 0.27122556 0.26990792 0.26857404 0.26722425 0.26585886 0.26447824 0.26308274 0.26167274 0.26024863 0.25881081 0.2573597 0.25589572 0.2544193 0.25293089 0.25143093 0.24991988 0.2483982 0.24686636 0.24532483 0.24377407 0.24221458 0.24064681 0.23907124 0.23748835 0.23589861 0.23430247 0.23270041 0.23109288 0.22948033 0.22786319 0.22624191 0.22461689
0.30025252 0.29940059 0.29853064 0.29764246 0.29673592 0.29581087 0.29486718 0.29390475 0.2929235 0.29192334 0.29090425 0.28986618 0.28880914 0.28773314 0.28663822 0.28552443 0.28439186 0.2832406 0.28207079 0.28088257 0.2796761 0.27845157 0.2772092 0.2759492 0.27467184 0.27337738 0.27206611 0.27073833 0.26939436 0.26803455 0.26665926 0.26526884 0.2638637 0.26244422 0.26101082 0.25956392 0.25810395 0.25663135 0.25514658 0.25365009 0.25214235 0.25062383 0.249095 0.24755634 0.24600833 0.24445145 0.24288618 0.24131299 0.23973238 0.23814481 0.23655075 0.23495067 0.23334502 0.23173426 0.23011882 0.22849914 0.22687564
0.30216634 0.30132786 0.30047113 0.29959596 0.29870218 0.29778964 0.29685819 0.29590774 0.29493817 0.29394941 0.29294141 0.29191413 0.29086757 0.28980172 0.28871664 0.28761236 0.28648896 0.28534656 0.28418527 0.28300524 0.28180664 0.28058965 0.2793545 0.27810141 0.27683063 0.27554245 0.27423716 0.27291507 0.2715765 0.27022182 0.26885137 0.26746555 0.26606475 0.26464936 0.26321983 0.26177657 0.26032002 0.25885065 0.25736891 0.25587527 0.2543702 0.25285419 0.25132771 0.24979125 0.2482453 0.24669035 0.24512689 0.2435554 0.24197636 0.24039026 0.23879757 0.23719876 0.23559428 0.23398461 0.23237016 0.23075139 0.22912871
0.30409533 0.3032705 0.30242718 0.30156518 0.3006843 0.2997844 0.29886531 0.29792691 0.29696909 0.29599178 0.29499489 0.29397839 0.29294227 0.29188653 0.29081119 0.28971631 0.28860196 0.28746825 0.28631529 0.28514323 0.28395225 0.28274254 0.2815143 0.28026779 0.27900326 0.27772099 0.27642128 0.27510445 0.27377085 0.27242082 0.27105474 0.269673 0.268276 0.26686417 0.26543793 0.26399772 0.26254401 0.26107725 0.25959791 0.25810647 0.25660343 0.25508925 0.25356445 0.25202951 0.25048494 0.24893122 0.24736886 0.24579835 0.24422018 0.24263484 0.2410428 0.23944455 0.23784054 0.23623124 0.23461708 0.23299851 0.23137594
0.30603963 0.30522865 0.30439895 0.3035503 0.3026825 0.30179537 0.30088876 0.29996252 0.29901653 0.2980507 0.29706495 0.29605924 0.29503354 0.29398784 0.29292217 0.29183658 0.29073114 0.28960595 0.28846113 0.28729683 0.28611322 0.28491049 0.28368888 0.28244862 0.28118997 0.27991322 0.27861869 0.27730669 0.27597758 0.27463173 0.27326951 0.27189132 0.27049759 0.26908875 0.26766522 0.26622747 0.26477597 0.26331119 0.26183361 0.26034372 0.25884202 0.257329 0.25580519 0.25427107 0.25272716 0.25117397 0.249612 0.24804175 0.24646373 0.24487842 0.24328632 0.2416879 0.24008363 0.23847398 0.2368594 0.23524032 0.23361717
0.30799939 0.30720251 0.30638663 0.30555153 0.30469698 0.3038228 0.30292879 0.30201482 0.30108075 0.30012647 0.29915189 0.29815697 0.29714166 0.29610596 0.29504988 0.29397348 0.29287681 0.29175997 0.2906231 0.28946632 0.28828983 0.28709382 0.28587851 0.28464416 0.28339102 0.2821194 0.28082962 0.27952201 0.27819693 0.27685475 0.27549587 0.2741207 0.27272967 0.27132323 0.26990181 0.26846591 0.26701598 0.26555252 0.26407603 0.26258701 0.26108597 0.25957342 0.25804988 0.25651587 0.25497191 0.25341851 0.25185619 0.25028547 0.24870686 0.24712085 0.24552794 0.24392862 0.24232337 0.24071266 0.23909693 0.23747663 0.23585219
0.30997477 0.30919225 0.30839044 0.3075691 0.306728 0.30586693 0.30498568 0.3040841 0.30316204 0.30221938 0.30125603 0.30027191 0.29926699 0.29824124 0.29719468 0.29612735 0.29503931 0.29393067 0.29280154 0.29165207 0.29048243 0.28929284 0.28808352 0.28685472 0.28560672 0.28433982 0.28305435 0.28175066 0.28042911 0.2790901 0.27773402 0.27636131 0.2749724 0.27356775 0.27214783 0.27071312 0.26926411 0.26780131 0.26632522 0.26483637 0.26333528 0.26182247 0.26029848 0.25876384 0.25721907 0.25566472 0.25410132 0.25252937 0.25094941 0.24936195 0.24776749 0.24616653 0.24455955 0.24294703 0.24132942 0.23970719 0.23808075
0.31196598 0.31119808 0.3104106 0.30960326 0.30877582 0.30792804 0.30705972 0.30617068 0.30526075 0.30432979 0.30337771 0.30240442 0.30140987 0.30039404 0.29935693 0.29829857 0.29721904 0.29611841 0.29499683 0.29385442 0.29269138 0.2915079 0.29030423 0.28908063 0.28783737 0.28657477 0.28529317 0.28399292 0.2826744 0.28133802 0.27998419 0.27861335 0.27722595 0.27582248 0.2744034 0.27296923 0.27152046 0.27005761 0.26858122 0.26709181 0.26558993 0.26407612 0.26255093 0.26101489 0.25946857 0.2579125 0.25634723 0.25477329 0.25319121 0.25160152 0.25000474 0.24840137 0.24679191 0.24517684 0.24355662 0.24193171 0.24030256
0.3139732 0.31322022 0.31244734 0.31165426 0.31084072 0.31000645 0.30915124 0.30827489 0.30737721 0.30645806 0.30551731 0.30455489 0.30357071 0.30256476 0.30153703 0.30048755 0.29941638 0.29832361 0.29720936 0.29607378 0.29491706 0.2937394 0.29254104 0.29132225 0.29008333 0.28882459 0.28754638 0.28624908 0.28493306 0.28359876 0.28224659 0.28087703 0.27949052 0.27808757 0.27666867 0.27523434 0.2737851 0.27232149 0.27084406 0.26935335 0.26784993 0.26633434 0.26480716 0.26326896 0.26172028 0.2601617 0.25859376 0.25701703 0.25543205 0.25383935 0.25223946 0.25063291 0.24902019 0.24740179 0.2457782 0.24414988 0.24251727
0.31599666 0.31525892 0.31450095 0.31372241 0.31292301 0.31210249 0.31126059 0.3103971 0.30951181 0.30860458 0.30767525 0.30672373 0.30574995 0.30475386 0.30373545 0.30269474 0.3016318 0.30054671 0.29943959 0.29831059 0.2971599 0.29598774 0.29479434 0.29357998 0.29234497 0.29108964 0.28981434 0.28851946 0.28720541 0.2858726 0.2845215 0.28315258 0.28176631 0.28036321 0.27894379 0.27750859 0.27605815 0.27459303 0.27311379 0.271621 0.27011524 0.26859708 0.26706712 0.26552592 0.26397408 0.26241216 0.26084075 0.25926041 0.2576717 0.25607518 0.25447137 0.25286083 0.25124406 0.24962156 0.24799383 0.24636133 0.24472453
0.31803658 0.31731444 0.3165717 0.315808 0.31502304 0.31421651 0.31338815 0.31253771 0.31166498 0.31076979 0.30985197 0.30891142 0.30794804 0.30696179 0.30595265 0.30492062 0.30386578 0.30278819 0.30168799 0.30056532 0.29942038 0.29825338 0.29706457 0.29585425 0.29462271 0.29337031 0.29209742 0.29080443 0.28949176 0.28815986 0.28680919 0.28544025 0.28405354 0.28264958 0.28122892 0.2797921 0.2783397 0.27687228 0.27539044 0.27389476 0.27238585 0.27086429 0.2693307 0.26778568 0.26622982 0.26466373 0.26308799 0.26150319 0.25990991 0.25830872 0.25670017 0.25508481 0.25346317 0.25183577 0.2502031 0.24856566 0.24692389
0.32009322 0.31938706 0.31865991 0.31791139 0.31714116 0.31634891 0.31553433 0.31469716 0.31383717 0.31295416 0.31204797 0.31111845 0.31016551 0.30918909 0.30818915 0.30716572 0.30611884 0.30504859 0.30395508 0.30283849 0.30169899 0.30053682 0.29935222 0.29814551 0.296917 0.29566704 0.29439602 0.29310435 0.29179247 0.29046085 0.28910996 0.28774032 0.28635245 0.28494691 0.28352424 0.28208503 0.28062986 0.27915934 0.27767406 0.27617465 0.27466173 0.27313591 0.27159783 0.2700481 0.26848735 0.26691619 0.26533524 0.26374511 0.26214639 0.26053966 0.25892551 0.25730448 0.25567714 0.254044 0.25240559 0.25076239 0.24911487
0.32216686 0.32147708 0.32076591 0.32003293 0.31927778 0.3185001 0.31769958 0.31687592 0.31602887 0.31515821 0.31426376 0.31334536 0.3124029 0.3114363 0.31044554 0.30943061 0.30839155 0.30732845 0.30624143 0.30513064 0.30399628 0.30283858 0.30165781 0.30045427 0.2992283 0.29798027 0.29671057 0.29541964 0.29410793 0.29277593 0.29142413 0.29005308 0.28866331 0.28725541 0.28582994 0.28438752 0.28292876 0.28145427 0.2799647 0.27846068 0.27694285 0.27541187 0.27386838 0.27231304 0.27074648 0.26916934 0.26758227 0.26598589 0.26438082 0.26276766 0.261147 0.25951944 0.25788552 0.25624579 0.25460079 0.25295101 0.25129695
0.32425777 0.32358484 0.32289007 0.32217303 0.32143332 0.32067055 0.31988438 0.3190745 0.31824061 0.31738249 0.31649992 0.31559274 0.31466081 0.31370405 0.31272242 0.3117159 0.31068455 0.30962842 0.30854765 0.30744239 0.30631285 0.30515926 0.3039819 0.30278108 0.30155716 0.30031051 0.29904156 0.29775075 0.29643855 0.29510548 0.29375206 0.29237884 0.2909864 0.28957532 0.28814623 0.28669975 0.28523651 0.28375717 0.28226239 0.28075284 0.27922918 0.27769209 0.27614225 0.27458033 0.27300701 0.27142294 0.26982879 0.26822522 0.26661285 0.26499232 0.26336424 0.26172921 0.26008782 0.25844062 0.25678816 0.25513096 0.25346953
0.32636629 0.32571068 0.32503278 0.32433211 0.32360824 0.32286075 0.32208927 0.32129344 0.32047298 0.3196276 0.31875707 0.31786122 0.3169399 0.31599299 0.31502046 0.31402228 0.31299849 0.31194915 0.3108744 0.30977439 0.30864933 0.30749947 0.30632509 0.30512652 0.30390412 0.3026583 0.30138948 0.30009814 0.29878478 0.29744992 0.29609411 0.29471794 0.29332199 0.29190691 0.29047332 0.28902187 0.28755325 0.28606812 0.28456718 0.28305112 0.28152065 0.27997647 0.27841929 0.2768498 0.27526871 0.27367672 0.2720745 0.27046273 0.26884208 0.26721321 0.26557675 0.26393331 0.26228351 0.26062792 0.2589671 0.25730161 0.25563194
0.32849274 0.32785498 0.32719445 0.32651062 0.32580303 0.32507123 0.3243148 0.32353336 0.32272659 0.32189418 0.32103589 0.32015151 0.31924086 0.31830385 0.31734039 0.31635047 0.31533411 0.31429138 0.31322241 0.31212735 0.31100643 0.3098599 0.30868805 0.30749122 0.30626981 0.30502421 0.3037549 0.30246235 0.3011471 0.29980968 0.29845069 0.29707073 0.29567043 0.29425044 0.29281143 0.29135408 0.2898791 0.2883872 0.2868791 0.28535553 0.28381722 0.28226491 0.28069934 0.27912124 0.27753134 0.27593037 0.27431903 0.27269805 0.27106809 0.26942986 0.26778401 0.26613117 0.26447199 0.26280705 0.26113695 0.25946224 0.25778345
