landslides_training_model/shapes/shapes_mean/support_vector_machine_mean_suc.tif
NCOLS 441
NROWS 451
XLLCORNER -92.213079
YLLCORNER 13.747265
DX 0.0090151111
DY 0.0090031242
NODATA_VALUE -9999
[rows 350 to 374 of 451, columns 0 to 56 of 441]
0.27145105 0.26197257 0.25126534 0.23888497 0.22370228 0.20171394 0.17992977 0.16364082 0.13838785 0.13452069 0.1326636 0.13052134 0.12976276 0.11716811 0.11654377 0.11523775 0.11483331 0.11462714 0.11799232 0.12627904 0.12305998 0.12848752 0.13523562 0.15080103 0.15201512 0.17166033 0.18275241 0.19440957 0.19788517 0.21240037 0.21848658 0.22111048 0.22658858 0.23157042 0.23701148 0.24388048 0.2498587 0.25727473 0.27773595 0.31685999 0.36855089 0.38828859 0.39949626 0.4368427 0.45225662 0.45612371 0.44974666 0.46406443 0.48492585 0.47359891 0.49226602 0.49039074 0.47288919 0.49311755 0.5466814 0.56757798 0.55990721
0.26509032 0.25480186 0.24296685 0.2289882 0.21137396 0.18120491 0.14808162 0.14046697 0.13987372 0.13429484 0.134479 0.12944263 0.12867745 0.12757915 0.13062729 0.1258156 0.12492578 0.1173394 0.11589284 0.12473312 0.12077248 0.12800501 0.13662289 0.13928908 0.15010199 0.17266051 0.18328581 0.18831549 0.19018663 0.22193092 0.21435796 0.21328403 0.21889257 0.22208315 0.22723111 0.23275682 0.23779227 0.24677162 0.25897016 0.28540815 0.33509734 0.3482608 0.34041919 0.4172093 0.44036827 0.438209 0.43300406 0.45053984 0.45829225 0.46444988 0.45076407 0.47472479 0.44722491 0.5166938 0.49475356 0.5397342 0.54202732
0.25856244 0.2473133 0.2339494 0.21750965 0.19579993 0.16997894 0.14682614 0.13620122 0.13384468 0.13470483 0.13806557 0.12891253 0.12761492 0.1274419 0.13201716 0.12682325 0.1243725 0.12449361 0.11924165 0.11269197 0.11518697 0.13120829 0.12876617 0.13697072 0.14479051 0.16557097 0.16849673 0.17464295 0.1805456 0.18803215 0.19641653 0.20437092 0.20840167 0.21133603 0.21778282 0.22340505 0.22689692 0.23441394 0.24734948 0.26246676 0.27735751 0.28754091 0.31450441 0.39625121 0.40763179 0.41796268 0.43194156 0.42495773 0.42230905 0.42578366 0.43403841 0.42421372 0.42583923 0.47465121 0.48207272 0.51522228 0.51448549
0.25195365 0.23968569 0.22430595 0.20181725 0.17585419 0.15407604 0.14061826 0.13629838 0.13420734 0.13128298 0.12953285 0.12715645 0.1252306 0.12391327 0.11621648 0.11714931 0.1206429 0.11815136 0.11836421 0.12381474 0.1280444 0.11761595 0.12500461 0.13142248 0.14064694 0.15482429 0.16484433 0.16765678 0.17359753 0.18138941 0.18916931 0.20170286 0.20410172 0.2041534 0.20798303 0.21251792 0.21742213 0.22313647 0.2314305 0.2422207 0.25406494 0.26995911 0.30353854 0.36418116 0.38715101 0.39618772 0.3974682 0.3858025 0.39274233 0.40566851 0.42337846 0.41191468 0.42486889 0.43468695 0.41195069 0.43436724 0.45610491
0.24532569 0.23219609 0.2154491 0.18736286 0.1605666 0.14922262 0.14230783 0.13466814 0.13838747 0.13046459 0.12713371 0.1247033 0.12496247 0.12178243 0.11369793 0.11600718 0.11475168 0.12030522 0.11579757 0.12203039 0.11962645 0.12455187 0.12540297 0.12780756 0.13492167 0.14092897 0.1515746 0.16033554 0.16801654 0.1758712 0.18245354 0.19710281 0.19699107 0.19597959 0.19889619 0.20335183 0.20939703 0.21455618 0.22204377 0.22864454 0.24219537 0.26698471 0.33089191 0.34868721 0.37444903 0.37173555 0.36997001 0.36927627 0.38660266 0.38755784 0.38065984 0.40915593 0.41361492 0.39231276 0.41826284 0.35387884 0.40971312
0.23861018 0.22476386 0.20717633 0.18176523 0.15544074 0.13664422 0.13259851 0.13084974 0.12989575 0.12680849 0.11886949 0.11786464 0.11985211 0.11321031 0.11230416 0.11428522 0.11754086 0.11640906 0.11734229 0.11740528 0.11796701 0.12092389 0.12555898 0.12581369 0.1311046 0.13668976 0.14209345 0.15399134 0.1618838 0.16681572 0.17453165 0.18041801 0.18330987 0.18770292 0.19049544 0.19296674 0.19850528 0.20428945 0.21008008 0.21712902 0.23049226 0.25144949 0.2974715 0.32747817 0.34187081 0.344133 0.34802262 0.3639937 0.35870713 0.35842452 0.35998696 0.39968279 0.37194457 0.37433324 0.33252275 0.29574477 0.2852763
0.23157108 0.2170168 0.19823576 0.16470843 0.13788787 0.1328509 0.130399 0.12872766 0.12804583 0.12334066 0.11434587 0.1133088 0.11403736 0.11104054 0.11257107 0.11185862 0.11506646 0.11245906 0.11485991 0.11778951 0.11846014 0.11843596 0.12255056 0.12745676 0.13129867 0.13190853 0.13659886 0.14918921 0.15535993 0.16025688 0.16724566 0.17080288 0.17297681 0.17692168 0.18131912 0.18380922 0.18662204 0.19140734 0.19541294 0.20195735 0.21428486 0.22514116 0.24464363 0.29509732 0.3008006 0.27794759 0.33224943 0.33453242 0.33523488 0.33792103 0.34517043 0.35043928 0.33136971 0.2662991 0.28218736 0.26013251 0.25618057
0.22375955 0.20833448 0.18901969 0.15840798 0.13506211 0.13004158 0.12840848 0.1270977 0.12452815 0.12137964 0.11344634 0.11283717 0.10990946 0.11080916 0.10992688 0.10628319 0.10709728 0.10841311 0.10871997 0.11057281 0.11374273 0.11781176 0.11887227 0.12475616 0.13076455 0.12887504 0.13312857 0.14459839 0.14737053 0.15019344 0.15593759 0.16094288 0.16442922 0.16915727 0.17335998 0.17579953 0.17871287 0.18359197 0.18806515 0.19076029 0.19847678 0.20954305 0.22052194 0.23482743 0.23483459 0.25601347 0.30004378 0.30580831 0.31369669 0.32526799 0.32004675 0.25201626 0.24263818 0.25054248 0.26560293 0.24401017 0.2502691
0.21437064 0.19732778 0.17281758 0.14707811 0.13138915 0.12914857 0.12878509 0.12605962 0.1239571 0.12156993 0.1147241 0.11088043 0.10910339 0.10550641 0.10489294 0.10451654 0.1055722 0.10512842 0.10946814 0.10824381 0.1147038 0.11572512 0.11976258 0.12469162 0.12716137 0.12967938 0.13019999 0.13260749 0.13553362 0.13898149 0.14773355 0.1526909 0.15712683 0.16212657 0.16636798 0.16926048 0.1720309 0.17633829 0.18091578 0.1839663 0.18947837 0.20065837 0.20526306 0.21054587 0.21665718 0.2255123 0.23117161 0.23197501 0.2299138 0.23195756 0.24158645 0.22257345 0.22349934 0.23659222 0.22808616 0.23220996 0.23964561
0.20149923 0.18315865 0.15169935 0.12963643 0.12836582 0.12880126 0.12913482 0.12616021 0.12359374 0.12015094 0.1174563 0.1111878 0.10814231 0.10562232 0.10318251 0.10303069 0.10093839 0.10232469 0.10213204 0.10352893 0.10724271 0.10986558 0.11631514 0.12609738 0.13094491 0.13102587 0.12973162 0.12968742 0.13183 0.13445484 0.13871632 0.14464632 0.15139509 0.15630886 0.16031372 0.16389003 0.16742123 0.17110799 0.17482637 0.1792368 0.18135229 0.18868419 0.19338337 0.20147292 0.20866651 0.20698817 0.21209875 0.22454342 0.20802812 0.21001446 0.20627132 0.20608551 0.20809438 0.20781883 0.22484548 0.22356144 0.21976342
0.17665907 0.15670964 0.1388083 0.12443656 0.12328035 0.12541827 0.12741485 0.12584475 0.12326974 0.12065725 0.11804307 0.11088782 0.10773098 0.10296572 0.10072691 0.1015945 0.091744413 0.092563481 0.093501937 0.095367815 0.096944274 0.10174036 0.11332738 0.1230648 0.1298765 0.13726804 0.13440561 0.12879311 0.12913957 0.13170869 0.13664267 0.1444914 0.14841256 0.15180759 0.1553376 0.15850542 0.16238039 0.16550701 0.16854086 0.17259841 0.17447448 0.176218 0.18144933 0.18826817 0.21697663 0.19999804 0.20292596 0.19795168 0.19842192 0.19890759 0.20634897 0.19753655 0.20270018 0.20332235 0.22194496 0.25220956 0.2125779
0.14460149 0.12777272 0.12379161 0.12194492 0.12090645 0.12182389 0.12530692 0.12763522 0.12202912 0.12003885 0.11929094 0.10995389 0.10657568 0.10139561 0.092342794 0.090847225 0.090354606 0.091265122 0.09246201 0.094823207 0.095748183 0.10024552 0.1054525 0.12242576 0.13065038 0.13160623 0.13402646 0.12794236 0.13016526 0.13141734 0.1327664 0.13760853 0.13891903 0.14358811 0.14920423 0.15227073 0.15516989 0.158454 0.16197782 0.16549224 0.16831579 0.16946467 0.17321425 0.1764732 0.18242293 0.18289211 0.18944563 0.19630159 0.19008236 0.19106125 0.19978773 0.20641787 0.21433948 0.21133693 0.23399263 0.21806083 0.21672323
0.13062005 0.12427018 0.12198891 0.1213421 0.12042419 0.12267744 0.12444567 0.1225625 0.12149408 0.1199754 0.11667033 0.10735087 0.10532245 0.098883829 0.091440537 0.091686547 0.090447157 0.090668738 0.093764262 0.093339873 0.095956072 0.098712784 0.10496965 0.11915362 0.12605002 0.12978259 0.1326732 0.13661794 0.13715929 0.13350064 0.13206263 0.13299339 0.13416115 0.13838241 0.14363067 0.14713545 0.14989806 0.15304635 0.1558553 0.15846679 0.1618732 0.16459705 0.16795666 0.17055215 0.17629662 0.17827735 0.17884141 0.22799683 0.18802174 0.19780783 0.20029846 0.21127034 0.20496842 0.20779076 0.2080814 0.20369717 0.19312424
0.13165984 0.12455612 0.12222463 0.12185507 0.12454488 0.12842834 0.12637406 0.1223086 0.12473225 0.11796369 0.11861107 0.10771579 0.10176324 0.092867408 0.092028237 0.091935496 0.091515041 0.093076115 0.095289373 0.09272979 0.097004709 0.09853995 0.10369389 0.10872698 0.12566614 0.12858188 0.13688025 0.14239555 0.1473367 0.14120146 0.13876215 0.13584873 0.13260218 0.13274337 0.13644937 0.14055271 0.14346079 0.14664832 0.14932037 0.14973746 0.15178028 0.1545154 0.15904614 0.16278377 0.1705016 0.16798547 0.16803169 0.17395108 0.1776952 0.19161607 0.20102159 0.2056534 0.19858921 0.20652792 0.19873077 0.18721508 0.18433643
0.13671659 0.12754795 0.12474961 0.12447294 0.13023282 0.13516641 0.12201152 0.11871613 0.11707927 0.11300057 0.11209282 0.10840431 0.097838592 0.097697262 0.10074102 0.10217628 0.10177171 0.10324139 0.094928498 0.094291325 0.095157586 0.10032062 0.10364519 0.10803152 0.11316342 0.12467509 0.15867599 0.17052943 0.17297663 0.17167287 0.16707976 0.14613106 0.13373989 0.13019599 0.13054891 0.13177923 0.13339281 0.13513262 0.13664035 0.13807527 0.13944912 0.14260057 0.15153111 0.15715629 0.16033782 0.16568191 0.16724887 0.17395361 0.18352454 0.19117349 0.18816333 0.19762034 0.20200987 0.2056569 0.19211882 0.17993755 0.18084938
0.16054725 0.1385523 0.12890493 0.12505405 0.12511964 0.12412143 0.11708418 0.11360599 0.11235024 0.11365381 0.11730615 0.11244608 0.10760775 0.10962355 0.10283901 0.10179911 0.10561199 0.10086915 0.10486439 0.10162794 0.10238448 0.10000235 0.10943273 0.11817703 0.11922693 0.15697335 0.17271477 0.17891003 0.18022655 0.17815145 0.17261052 0.16199823 0.1365402 0.12597992 0.12527021 0.12683753 0.12848306 0.12960437 0.13109101 0.13205042 0.13438919 0.13557137 0.14056694 0.15183259 0.15271564 0.15723106 0.17489395 0.19249116 0.18473926 0.18895718 0.18734689 0.18854603 0.19100767 0.19477987 0.17740632 0.17788004 0.17943159
0.19118168 0.16689734 0.14240788 0.12679697 0.12684741 0.12228163 0.11898074 0.11609165 0.11497787 0.11689011 0.12349212 0.11589777 0.11377688 0.11112119 0.10758635 0.10625237 0.1070785 0.10139277 0.10191484 0.1030192 0.10414971 0.10721944 0.1169603 0.14905006 0.16195857 0.17196151 0.1790799 0.1820114 0.18137068 0.17720354 0.16865795 0.15173091 0.12823887 0.11945892 0.11914809 0.12146746 0.12366185 0.12473025 0.12588355 0.12653388 0.12795182 0.13087532 0.1354056 0.14614325 0.14430519 0.14116888 0.15697302 0.19062757 0.20147429 0.20862083 0.21094652 0.19564641 0.1839874 0.19564667 0.17356358 0.17744618 0.2076436
0.20746922 0.19040301 0.16121611 0.14466347 0.14936645 0.13295132 0.12553818 0.11988444 0.1180115 0.11702898 0.11552111 0.11752685 0.11380887 0.1113878 0.11101804 0.10807191 0.10246552 0.10136509 0.10425702 0.10453037 0.10541642 0.10820924 0.13650996 0.14891684 0.16624463 0.17683389 0.18113171 0.1816426 0.17868765 0.17108016 0.15313764 0.12744414 0.11774245 0.11536731 0.11617393 0.11816546 0.11872108 0.11892391 0.11996664 0.11997819 0.12167188 0.12594828 0.13009791 0.13223674 0.13286838 0.13396882 0.13957315 0.16829546 0.18086683 0.20094405 0.20758869 0.20406924 0.16776307 0.16637767 0.17517491 0.21167934 0.21367203
0.21948403 0.20672717 0.19276841 0.18121477 0.16348489 0.141398 0.13089942 0.12487568 0.12130158 0.11868231 0.11622085 0.11598226 0.11929511 0.11631902 0.10965694 0.1102738 0.10348172 0.10215092 0.10333129 0.10696352 0.10495548 0.1080261 0.12156645 0.12878068 0.16597486 0.17793568 0.18018864 0.17823383 0.17264913 0.16146246 0.12876888 0.11609468 0.11337356 0.11237964 0.11296711 0.11395012 0.1140646 0.11456333 0.11577897 0.11686455 0.11755545 0.11959785 0.12413948 0.12158008 0.12135712 0.12239553 0.12609461 0.12770595 0.13521443 0.18750733 0.19152467 0.19103169 0.1683286 0.17235974 0.20936036 0.21672871 0.21635703
0.2290088 0.21889508 0.20854935 0.19801139 0.18570445 0.16999438 0.1526161 0.1343522 0.12858584 0.12192587 0.11725565 0.11654084 0.12157336 0.11120869 0.11160119 0.11083256 0.11117321 0.10458493 0.10394693 0.10700526 0.1084663 0.11059753 0.14046681 0.16063264 0.17294949 0.177806 0.17658337 0.17078369 0.16171665 0.1434943 0.11837619 0.11119405 0.11002779 0.10977597 0.11008679 0.11061154 0.11121722 0.11189956 0.11247911 0.11331206 0.11418461 0.11485738 0.1156315 0.11600115 0.11656611 0.11768234 0.11919939 0.12279345 0.12793757 0.17795946 0.16319178 0.16302366 0.1711422 0.20502295 0.21289793 0.21543263 0.21350404
0.23677054 0.22820887 0.21941906 0.21028341 0.20041925 0.18952301 0.17822834 0.16501122 0.14725077 0.12722305 0.12175033 0.11763358 0.11459817 0.11490722 0.11220694 0.1108808 0.10960043 0.10525845 0.10742127 0.11013231 0.11879568 0.11811856 0.12418899 0.16402579 0.17528451 0.17619701 0.16964507 0.15015574 0.13828744 0.11540237 0.10844334 0.10696744 0.10722807 0.10727736 0.10759974 0.10840688 0.1094195 0.11008433 0.11019151 0.1109228 0.11166744 0.11230865 0.11308344 0.11320585 0.1136519 0.11392814 0.11574127 0.11754695 0.12430723 0.17220629 0.18633057 0.19406024 0.20031531 0.20627963 0.20986437 0.20987132 0.20512317
0.24327919 0.23577592 0.22806007 0.22007532 0.21171292 0.20290425 0.19355609 0.18290667 0.16890428 0.1501365 0.1268893 0.11989759 0.11808715 0.11525635 0.11226528 0.1113667 0.11228128 0.10629357 0.10769605 0.1433683 0.15327195 0.15945045 0.16592422 0.17291831 0.1763143 0.17374635 0.16197364 0.11827959 0.1097925 0.10641152 0.10456257 0.10440034 0.10455047 0.10481036 0.10565861 0.10691496 0.10747742 0.10776748 0.10872771 0.1095458 0.11022661 0.11103066 0.11172387 0.11085651 0.11189779 0.11112118 0.11202321 0.11433911 0.12195757 0.15501305 0.17652428 0.1880318 0.19530382 0.20028075 0.20282334 0.20037256 0.18681937
0.24887836 0.24217786 0.23529309 0.22819973 0.22085053 0.21317729 0.20502366 0.19599642 0.18536291 0.17191068 0.15445864 0.12709831 0.12318114 0.11361874 0.11466173 0.11060735 0.11070803 0.10962568 0.1219262 0.1478695 0.14783984 0.16297492 0.17170441 0.17568627 0.17606041 0.17128328 0.15728903 0.1143564 0.10541402 0.10330137 0.10228905 0.10237678 0.10292799 0.10330521 0.10432384 0.10565358 0.10616418 0.10651704 0.10782859 0.1093105 0.10950436 0.1097432 0.11276408 0.10957939 0.10987017 0.10969306 0.1096191 0.11034855 0.11540887 0.11869601 0.15298251 0.17334707 0.18265508 0.18854786 0.19261595 0.18972053 0.15461295
0.25378753 0.24772902 0.24151146 0.23512171 0.2285286 0.22167359 0.21444302 0.20663347 0.19794263 0.18797579 0.17659903 0.1605336 0.12615199 0.11963587 0.11366356 0.11224261 0.10983057 0.11025026 0.13335825 0.13869254 0.11815653 0.1602047 0.17090346 0.17466982 0.1745278 0.16894269 0.15425459 0.11173363 0.10370063 0.10150605 0.10059957 0.10049493 0.10112732 0.10174053 0.10276654 0.10381806 0.10477405 0.10609904 0.10725413 0.1089456 0.11049292 0.10849239 0.10935173 0.11011971 0.10915183 0.10948756 0.10698379 0.10711319 0.10805546 0.11020574 0.11417487 0.14724783 0.15522977 0.16154621 0.17762233 0.18139527 0.15368169
0.25815088 0.25262142 0.2469533 0.24113786 0.23515273 0.22895568 0.22247531 0.21560475 0.20820704 0.20012682 0.19108506 0.18012325 0.16602698 0.14313556 0.12321959 0.11377924 0.11298978 0.11084736 0.11094178 0.11266282 0.14061901 0.15810768 0.15913335 0.16931961 0.17189942 0.16659407 0.15208528 0.11006251 0.10226021 0.099876595 0.099225184 0.09957443 0.10029683 0.10094029 0.10265708 0.10418253 0.10530589 0.10743251 0.1092374 0.1094068 0.10940254 0.10907093 0.11196165 0.11177066 0.10687177 0.10486671 0.10482855 0.10515095 0.10531994 0.10818734 0.10841166 0.11123345 0.11651604 0.11821422 0.15260345 0.17002805 0.17411864
