landslides_training_model/shapes/shapes_mean/xgboost_mean_suc.tif
NCOLS 441
NROWS 451
XLLCORNER -92.213079
YLLCORNER 13.747265
DX 0.0090151111
DY 0.0090031242
NODATA_VALUE -9999
[rows 350 to 374 of 451, columns 112 to 167 of 441]
0.76084342 0.75283862 0.78712942 0.77236607 0.78641912 0.79127142 0.764815 0.67147378 0.7066195 0.80330433 0.81983199 0.79575268 0.8209223 0.81204314 0.81935829 0.82876824 0.82441903 0.8219832 0.78372453 0.81165092 0.82130509 0.82144463 0.81831739 0.81395706 0.81492843 0.81826172 0.81836142 0.81540511 0.81458867 0.81385245 0.80625841 0.81033899 0.83597804 0.84157495 0.84286714 0.84644235 0.85077294 0.85286505 0.84536684 0.82915493 0.80975154 0.76696434 0.84464426 0.84602728 0.84066727 0.85413041 0.86195944 0.86052765 0.85532333 0.85504087 0.85527994 0.85401878 0.85098687 0.84745244 0.8495161 0.84896762
0.76544196 0.7697981 0.77361116 0.78019663 0.76710524 0.80492361 0.7962452 0.69104873 0.8049593 0.80577572 0.7907424 0.78140487 0.81977693 0.82273862 0.81736437 0.82117292 0.803813 0.81305628 0.81100465 0.80822652 0.8110575 0.81355983 0.81228988 0.81074658 0.81028497 0.81377739 0.81384155 0.80081567 0.79327978 0.80078728 0.79765867 0.82201559 0.83166277 0.83933925 0.84297652 0.84515042 0.84713614 0.845054 0.84688117 0.83660931 0.81251789 0.83646799 0.84435065 0.83788046 0.82238335 0.85036275 0.85700875 0.85109885 0.82659478 0.84998303 0.85505901 0.85412105 0.8530643 0.85161821 0.85158959 0.84851845
0.75079907 0.69305519 0.70256533 0.76987143 0.74648844 0.784343 0.79833183 0.75788849 0.80517921 0.77225006 0.79100618 0.81262354 0.80940864 0.81672813 0.82065344 0.81413825 0.80335789 0.80278835 0.79184976 0.77377801 0.78077707 0.79458782 0.80330593 0.80661886 0.80650395 0.80694742 0.80902704 0.80430813 0.7978037 0.79944655 0.79748131 0.80909491 0.82797876 0.83391899 0.83812219 0.83980477 0.83858893 0.81950754 0.83216508 0.77870067 0.743568 0.81771289 0.79522518 0.83292369 0.82051443 0.85514794 0.83588237 0.81265723 0.81612751 0.84585417 0.85115395 0.85201912 0.85171632 0.85187 0.85243262 0.85191041
0.68343804 0.67306731 0.6791281 0.70325363 0.7670297 0.79745767 0.78742348 0.79140939 0.80641322 0.71922741 0.79124629 0.81418867 0.81614787 0.80281542 0.80676789 0.79887531 0.8012268 0.77074996 0.76372441 0.7169045 0.72299055 0.75741716 0.7831425 0.79162412 0.79047718 0.79037852 0.79534319 0.79511535 0.78845023 0.78515323 0.79240598 0.816384 0.8206257 0.82196787 0.82702875 0.82978519 0.83350176 0.84017655 0.82107863 0.81364571 0.70377258 0.81559447 0.76452784 0.82077505 0.84577076 0.8528765 0.79640501 0.82538556 0.84696038 0.84640566 0.84970464 0.84574841 0.85145915 0.85299973 0.85245849 0.85224546
0.67235507 0.66232499 0.66734941 0.69438388 0.78343255 0.78701898 0.79186909 0.78452248 0.812282 0.80737429 0.75106741 0.80875096 0.80081458 0.7981527 0.79944548 0.78744315 0.78310039 0.77260083 0.71838218 0.71593585 0.71065627 0.71811881 0.74052853 0.76024832 0.771878 0.76642972 0.76716907 0.7633125 0.75598338 0.776576 0.79225404 0.80972467 0.81269461 0.789734 0.80276721 0.82539238 0.83575065 0.83829959 0.82697174 0.77409731 0.81787656 0.80617489 0.82051812 0.70432541 0.82912636 0.8464311 0.8419163 0.84745058 0.84729263 0.84563984 0.8429064 0.84879544 0.85076721 0.85032931 0.85072451 0.85184087
0.6824771 0.65759636 0.65879788 0.68299586 0.74751346 0.74692921 0.78784789 0.79909689 0.80108688 0.78606531 0.77359595 0.78315299 0.77918228 0.78390272 0.79180979 0.78251442 0.7168931 0.75077294 0.66912814 0.63284413 0.6799557 0.69250428 0.68219747 0.7260452 0.75605103 0.72545513 0.71584652 0.72518515 0.7074925 0.73369426 0.79273176 0.80254547 0.81152698 0.80571841 0.79124022 0.82340654 0.8290502 0.8270423 0.82839696 0.83005188 0.8225366 0.82468116 0.82658907 0.80478201 0.79650867 0.81627007 0.82452854 0.83211338 0.82379759 0.83231189 0.83149909 0.83971949 0.84782496 0.84647121 0.84936898 0.85055224
0.73214935 0.65402457 0.65072273 0.67532764 0.73981023 0.78456256 0.80038127 0.80277375 0.79346862 0.79158034 0.78288205 0.77300388 0.6737446 0.78677818 0.78743708 0.76954902 0.70803409 0.71388627 0.66502078 0.67578628 0.65660286 0.69568371 0.72197435 0.71775685 0.74016315 0.73749494 0.71807299 0.72061637 0.71548873 0.72531301 0.78838614 0.79053635 0.80624323 0.80220292 0.7753139 0.80854319 0.81674689 0.81378028 0.79230853 0.81507553 0.80005463 0.81411652 0.72214384 0.7122258 0.71204323 0.71603405 0.72137018 0.72790754 0.73861449 0.79577535 0.78014436 0.82839294 0.84183176 0.84640868 0.84698008 0.84820429
0.7144597 0.64330286 0.64134856 0.66534005 0.75409251 0.7523151 0.78492135 0.77769052 0.77918769 0.73136418 0.69490737 0.72890139 0.76678068 0.77982177 0.77115582 0.70871695 0.69449409 0.67365652 0.64940469 0.66119214 0.67970357 0.70497651 0.6925682 0.71501327 0.7400193 0.74498518 0.71139727 0.71100711 0.75820702 0.7802609 0.791911 0.79624851 0.79610436 0.791701 0.76995987 0.7899882 0.7939503 0.79255756 0.71425999 0.70500954 0.70028142 0.69503846 0.68683437 0.6828297 0.68304889 0.68586129 0.69047155 0.69700042 0.70681401 0.72163525 0.7432008 0.82489038 0.83697334 0.8359026 0.84175588 0.84608909
0.63894269 0.6312668 0.63279425 0.65068654 0.68505546 0.73466341 0.76979161 0.74626344 0.72470033 0.70784303 0.66443447 0.74498859 0.70812664 0.74982711 0.76467181 0.74604951 0.69162275 0.65834127 0.64622336 0.67653906 0.66120662 0.68338183 0.65161489 0.68563143 0.71500755 0.72624518 0.74151171 0.75402863 0.76491197 0.77748706 0.78215415 0.78149653 0.77166881 0.75491791 0.70325649 0.69697416 0.69343957 0.68677898 0.67685374 0.67083609 0.66733828 0.66455469 0.66224875 0.66141316 0.66251176 0.66538027 0.6698872 0.6762269 0.68504203 0.69763963 0.71935824 0.8065434 0.81813232 0.79485509 0.83204701 0.84099842
0.6412271 0.6441137 0.6309229 0.64941652 0.72148958 0.73006544 0.75673115 0.74143989 0.53562691 0.6906574 0.65596413 0.64179993 0.71976625 0.72706516 0.73585856 0.70146622 0.62547418 0.61254402 0.614543 0.67170153 0.6260423 0.63179855 0.65938453 0.68602169 0.7018009 0.70604121 0.72622233 0.74651281 0.75403005 0.75913173 0.75594564 0.73998413 0.6923006 0.67875532 0.66772653 0.66171829 0.657893 0.6541045 0.65020276 0.64714368 0.64512926 0.64390541 0.64345561 0.64403459 0.64586324 0.64902668 0.65360544 0.65981118 0.66808636 0.67929237 0.69518874 0.71671981 0.73952054 0.80895515 0.82844692 0.83787613
0.69068632 0.69661065 0.64214609 0.66061088 0.6898947 0.74170848 0.7240917 0.734481 0.67561204 0.64235001 0.70792014 0.64638923 0.62219305 0.64991928 0.68717341 0.5968253 0.55145961 0.58483985 0.62815152 0.62402409 0.58905586 0.58815281 0.58883444 0.63803873 0.66105242 0.66504058 0.67733658 0.70250659 0.71190878 0.70874239 0.71188133 0.68166876 0.66488436 0.6500826 0.64232813 0.63762317 0.63445427 0.63195378 0.62987255 0.62833759 0.62745808 0.62725514 0.62778305 0.62916354 0.6315307 0.63500152 0.63970889 0.64585807 0.65378283 0.66400244 0.67720706 0.69402556 0.71590287 0.74759746 0.82127555 0.83559746
0.66843537 0.66820496 0.66373547 0.71500049 0.72480708 0.70987835 0.70516727 0.67536357 0.63149177 0.63057732 0.6865861 0.72025261 0.6928734 0.60925533 0.67151853 0.63565706 0.49144063 0.51634697 0.61707597 0.56042834 0.54861967 0.58480996 0.54848081 0.57133362 0.5571393 0.57430157 0.57256222 0.59690571 0.61708647 0.61156305 0.66308557 0.68504464 0.65854797 0.63032418 0.62259242 0.6185279 0.61597958 0.6142506 0.61308549 0.61244398 0.61235744 0.61287004 0.61404458 0.61596924 0.61874781 0.62249505 0.62735111 0.63351072 0.64126283 0.65105041 0.66360404 0.68043758 0.7059315 0.75221967 0.82043735 0.83265908
0.64470573 0.63390054 0.65412981 0.69030776 0.6722704 0.63995756 0.6219171 0.58078383 0.47460935 0.55425116 0.64009366 0.6494323 0.64479333 0.61366044 0.55255636 0.52749255 0.58049832 0.53957686 0.62129305 0.58548074 0.54163716 0.58157273 0.60521724 0.58051974 0.56676227 0.59501923 0.56128716 0.52189152 0.54779827 0.60032707 0.65673852 0.67643467 0.62559864 0.61211991 0.60569265 0.60222662 0.60020988 0.59904317 0.59848187 0.59844606 0.5989329 0.59997499 0.60162727 0.60396348 0.60707389 0.61106694 0.61607953 0.62229838 0.62999871 0.63962951 0.65206049 0.66949816 0.70020667 0.79787331 0.82042017 0.82849782
0.57236887 0.58927063 0.64922673 0.63848071 0.58236242 0.54282574 0.62340489 0.57146792 0.47370331 0.52709009 0.44530739 0.48578256 0.59952832 0.5177431 0.60954099 0.4849075 0.56716463 0.59102075 0.57856013 0.57354994 0.53515427 0.61121828 0.55580092 0.58549594 0.58014673 0.59256991 0.5703367 0.57203895 0.59706344 0.60994114 0.63725728 0.64781905 0.60787972 0.59592336 0.5905028 0.58765485 0.58613357 0.58543351 0.58533674 0.58575963 0.58668734 0.5881427 0.5901724 0.5928416 0.59623283 0.60044886 0.60562135 0.61192852 0.61963024 0.62914819 0.64128574 0.65797511 0.68601864 0.78490099 0.79973759 0.8163109
0.46993613 0.48953824 0.5791515 0.50226115 0.55992737 0.44290647 0.50409432 0.52706462 0.56292293 0.50447977 0.42087484 0.47852763 0.42875867 0.49683072 0.53635167 0.57344623 0.4263854 0.4365127 0.49828999 0.51249132 0.56293416 0.58924761 0.58056594 0.57301547 0.59001143 0.57152095 0.56257632 0.56705511 0.55298564 0.5629249 0.62593008 0.6472662 0.592388 0.58102183 0.57647307 0.57425314 0.57321508 0.57293417 0.57322926 0.57402792 0.57531501 0.57710928 0.57945238 0.58240437 0.58604313 0.59046732 0.59580369 0.60222098 0.6099556 0.61936186 0.63101822 0.64596204 0.6660638 0.69192366 0.71768081 0.78537877
0.44500619 0.50922206 0.52880052 0.52200881 0.55641044 0.44324057 0.50189804 0.42527837 0.44163956 0.57219185 0.56540126 0.53691981 0.39710464 0.43336826 0.51519213 0.46109627 0.45875159 0.47136767 0.43786978 0.47782796 0.48347033 0.53945789 0.54948407 0.57547448 0.58569145 0.56120232 0.54088975 0.54438019 0.5518472 0.54807785 0.57017117 0.61180021 0.57440263 0.56652357 0.56323348 0.56170568 0.5611493 0.56125887 0.56190164 0.56302453 0.56461851 0.56670266 0.56931672 0.57251829 0.57638308 0.5810079 0.58651691 0.59307269 0.60089374 0.61027977 0.62163851 0.6354736 0.65217426 0.67140394 0.69244511 0.71559466
0.48918359 0.46838914 0.46331886 0.50741471 0.52530181 0.56612191 0.51735308 0.52608185 0.41293025 0.42848674 0.51708897 0.46134294 0.44324313 0.39860549 0.47603577 0.37393786 0.38832068 0.41725655 0.44678629 0.51056813 0.59718118 0.60877576 0.59930701 0.60014135 0.54398299 0.53682391 0.55759795 0.57987411 0.58693379 0.5796757 0.57370788 0.56189766 0.55627428 0.55259356 0.55068074 0.5498546 0.54976293 0.55023559 0.55119279 0.55260397 0.55446907 0.55680981 0.55966602 0.56309495 0.56717244 0.5719963 0.57769232 0.58442487 0.59241399 0.60195987 0.61346902 0.6274536 0.6444281 0.66463322 0.68727101 0.71145001
0.42522935 0.41412357 0.43166739 0.44434358 0.50392404 0.51002039 0.49460499 0.49308642 0.4173598 0.42805187 0.48369687 0.40401927 0.58228973 0.47725858 0.42642962 0.39099111 0.38341134 0.44074913 0.4484942 0.48090998 0.58514208 0.54640688 0.55171654 0.55902659 0.561944 0.55717554 0.55682292 0.54809978 0.57062557 0.57790631 0.54480739 0.54395586 0.54144365 0.53975231 0.53886301 0.53863952 0.53896343 0.53976322 0.54100382 0.54267523 0.54478599 0.5473606 0.55043959 0.55408107 0.55836337 0.56338867 0.5692893 0.57623991 0.58448202 0.59437207 0.60647802 0.62178373 0.64205955 0.67033421 0.71570035 0.74066295
0.3695489 0.44116878 0.40442883 0.38855958 0.43024371 0.43100397 0.54478738 0.45906983 0.41057764 0.37604986 0.46871473 0.50682452 0.49953206 0.49973215 0.51542628 0.40235813 0.40843346 0.46098321 0.53210711 0.47850859 0.55173569 0.58002566 0.61683462 0.56671218 0.51235446 0.50559133 0.54869962 0.56231412 0.55736917 0.55060141 0.5342815 0.53039446 0.52878945 0.52802677 0.52780413 0.52804108 0.52870658 0.52978695 0.53127887 0.5331875 0.53552673 0.53832147 0.54161147 0.54545601 0.54993837 0.55516957 0.56129354 0.5684998 0.57705692 0.58739359 0.60030185 0.61755678 0.64456052 0.69777464 0.78383793 0.7943454
0.34098698 0.37874396 0.4104768 0.38523838 0.45440328 0.48074731 0.49382255 0.3978163 0.44342303 0.34218219 0.40707933 0.39265229 0.48754188 0.5412635 0.48029459 0.35997867 0.52322876 0.50246307 0.57188786 0.53264074 0.57844717 0.62603949 0.62390403 0.60174322 0.5096736 0.4801159 0.52044573 0.54762316 0.53969176 0.52420559 0.51978121 0.51797709 0.51738079 0.51728091 0.51750725 0.51806292 0.51897971 0.5202841 0.52199429 0.52412342 0.52668452 0.52969692 0.53319481 0.537237 0.54191509 0.54735687 0.55372615 0.56122852 0.57014448 0.58093024 0.59448071 0.61292603 0.64362741 0.74538596 0.79037188 0.80388129
0.33698004 0.35891299 0.44732208 0.4517021 0.45470611 0.44880293 0.45662279 0.35568402 0.35462738 0.36241442 0.4193229 0.34286201 0.40499908 0.40490513 0.38494163 0.38613953 0.4927252 0.4568966 0.53242357 0.49918759 0.58252913 0.619636 0.57710501 0.55593086 0.47056192 0.45180427 0.48522266 0.50555069 0.51085734 0.5083605 0.50595932 0.50645897 0.50712298 0.50755637 0.50803126 0.50874082 0.5097955 0.51125595 0.5131528 0.51549808 0.51829373 0.52154173 0.52525887 0.52949677 0.53436038 0.54001248 0.54665943 0.55453185 0.56389314 0.57513452 0.58904233 0.60736987 0.63406592 0.67720733 0.78033208 0.80009568
0.34927235 0.36709637 0.42062178 0.45917866 0.4345634 0.42024058 0.34332497 0.33068268 0.32377332 0.36426314 0.4885229 0.36302782 0.50625085 0.42108852 0.40288138 0.4961707 0.59144611 0.50936831 0.50874598 0.53072506 0.604118 0.61777955 0.59638392 0.50898491 0.46469801 0.50974581 0.49132639 0.48983434 0.51071886 0.4954736 0.48308761 0.49601015 0.4985115 0.49913625 0.4995259 0.50014906 0.50118775 0.50272134 0.50478027 0.50736329 0.51044622 0.5139922 0.51797271 0.52240888 0.52742338 0.53325833 0.5402295 0.54864415 0.55872692 0.57065561 0.58490764 0.60289194 0.62782436 0.66882367 0.77994681 0.79437651
0.40201353 0.4189767 0.46162099 0.50234104 0.52049744 0.45452125 0.35426021 0.31660073 0.39318423 0.4189801 0.46362362 0.4574998 0.52002055 0.46191847 0.45364679 0.47001909 0.57532946 0.57904592 0.55602538 0.58734878 0.55775477 0.55496927 0.5525815 0.50499731 0.45525959 0.48164339 0.45078109 0.47176452 0.51981639 0.49392702 0.46369842 0.4906582 0.49272493 0.49252263 0.49221976 0.49239483 0.49320443 0.49470911 0.49692257 0.49981721 0.50332523 0.50733793 0.51171764 0.51637167 0.52142184 0.52730195 0.53462402 0.54396729 0.55560957 0.56916502 0.58420082 0.60202059 0.62641325 0.66620749 0.77503306 0.78824788
0.36914395 0.41775851 0.44590486 0.49574399 0.46728055 0.41710716 0.3070956 0.32044689 0.43951412 0.44962826 0.42935736 0.50136916 0.43447068 0.49349478 0.44814647 0.45012399 0.47363996 0.50443908 0.53095821 0.48193617 0.46697677 0.43478207 0.46078266 0.51898162 0.45055751 0.41534118 0.41360907 0.44220087 0.4995252 0.52123549 0.50166276 0.49126414 0.49132469 0.4882495 0.48635876 0.48561606 0.48590334 0.48724727 0.48963931 0.49301845 0.49726765 0.50218401 0.50740673 0.51240879 0.5171114 0.52249848 0.52998909 0.54099474 0.5568277 0.57588324 0.59284721 0.60972959 0.63524612 0.68520823 0.77123179 0.77626127
0.39418017 0.41901556 0.43607222 0.47570822 0.39742198 0.42525208 0.30320631 0.36626859 0.43626101 0.52667299 0.5576339 0.4580644 0.40784343 0.43761886 0.42891224 0.42344173 0.4427862 0.39768263 0.45882995 0.40999156 0.42273735 0.45656038 0.49580777 0.486701 0.46209495 0.41546235 0.44411967 0.50474246 0.51868147 0.52623593 0.52067004 0.5031792 0.49995056 0.48394144 0.48217588 0.4800629 0.47937074 0.480346 0.48298795 0.48720168 0.49286734 0.49980103 0.5075667 0.51395004 0.51672773 0.51954176 0.52618416 0.53951334 0.56744734 0.62481031 0.6436313 0.64507244 0.67443353 0.74433086 0.76696894 0.77464943
