landslides_training_model/shapes/shapes_mean/xgboost_mean_suc.tif
NCOLS 441
NROWS 451
XLLCORNER -92.213079
YLLCORNER 13.747265
DX 0.0090151111
DY 0.0090031242
NODATA_VALUE -9999
[rows 50 to 74 of 451, columns 56 to 111 of 441]
0.17104033 0.16946122 0.16785946 0.1662344 0.16458538 0.1629117 0.16121262 0.15948736 0.15773512 0.15595508 0.15414637 0.15230815 0.15043955 0.14853975 0.14660796 0.14464352 0.14264588 0.14061474 0.1385501 0.13645237 0.13432255 0.13216235 0.12997441 0.12776246 0.12553151 0.12328797 0.12103962 0.11879548 0.11656547 0.11435986 0.11218856 0.11006049 0.10798292 0.10596121 0.10399867 0.10209682 0.10025567 0.098474109 0.096750239 0.095081617 0.093465426 0.091898599 0.090377913 0.088900066 0.08746175 0.086059696 0.084690704 0.083351644 0.082039444 0.080751072 0.079483544 0.078233944 0.07699946 0.075777426 0.074565341 0.073360854
0.17149322 0.16990031 0.16828374 0.16664278 0.16497665 0.1632845 0.16156548 0.15981862 0.15804296 0.15623744 0.15440096 0.1525324 0.15063057 0.14869429 0.14672238 0.14471371 0.14266723 0.14058211 0.13845774 0.13629397 0.13409121 0.13185069 0.12957472 0.12726698 0.12493282 0.12257951 0.12021637 0.11785467 0.11550717 0.11318737 0.11090845 0.10868213 0.10651774 0.10442169 0.10239748 0.10044606 0.098566534 0.096756729 0.095013704 0.093334051 0.091714069 0.090149865 0.088637438 0.087172764 0.085751886 0.084370976 0.083026365 0.081714523 0.080432015 0.079175451 0.077941473 0.076726794 0.075528279 0.074343033 0.073168452 0.07200222
0.17196425 0.17035778 0.16872664 0.16706999 0.16538693 0.1636765 0.16193766 0.1601693 0.15837022 0.15653914 0.1546747 0.15277544 0.15083983 0.14886625 0.14685305 0.14479853 0.14270102 0.14055895 0.13837094 0.13613599 0.13385362 0.13152423 0.12914941 0.1267324 0.1242786 0.12179608 0.11929589 0.11679216 0.11430164 0.11184255 0.10943293 0.10708871 0.10482209 0.1026407 0.10054775 0.098542918 0.09662359 0.094785908 0.093025462 0.091337612 0.08971758 0.088160474 0.086661333 0.085215227 0.083817386 0.082463314 0.081148819 0.079869965 0.078622948 0.077403972 0.076209199 0.075034815 0.073877188 0.072733069 0.071599718 0.070474906
0.17245419 0.17083448 0.16918908 0.16751705 0.16581737 0.16408893 0.16233054 0.16054088 0.15871856 0.15686204 0.15496964 0.15303957 0.15106988 0.14905847 0.14700311 0.14490144 0.14275101 0.14054934 0.13829401 0.13598282 0.13361402 0.13118664 0.12870096 0.12615916 0.12356609 0.12093019 0.1182643 0.11558618 0.11291814 0.11028554 0.10771405 0.10522618 0.1028383 0.10055927 0.098390954 0.096330217 0.09437134 0.092507838 0.090733354 0.089041813 0.087427244 0.085883602 0.084404741 0.082984554 0.081617219 0.080297413 0.079020398 0.077781896 0.076577812 0.07540394 0.074255805 0.07312877 0.072018378 0.070920783 0.069833043 0.068753126
0.17296383 0.17133125 0.16967198 0.16798497 0.16626908 0.16452304 0.16274549 0.16093494 0.15908974 0.15720808 0.15528798 0.15332726 0.1513235 0.14927408 0.1471761 0.14502643 0.14282168 0.14055824 0.13823235 0.13584024 0.13337833 0.13084359 0.12823413 0.12554998 0.12279434 0.11997501 0.11710618 0.11420985 0.1113162 0.10846171 0.10568461 0.10301836 0.10048579 0.098096494 0.095848428 0.093732472 0.09173731 0.08985255 0.088069571 0.086380968 0.084779688 0.083258452 0.081809619 0.080425458 0.079098659 0.077822824 0.076592692 0.075403894 0.074252339 0.073133522 0.072042108 0.070972077 0.06991745 0.068873284 0.06783633 0.066805011
0.17349393 0.17184895 0.1701763 0.16847481 0.16674321 0.16498011 0.16318396 0.16135306 0.15948554 0.1575793 0.15563202 0.15364111 0.15160368 0.14951649 0.14737594 0.14517798 0.14291815 0.14059149 0.13819259 0.13571563 0.13315457 0.13050342 0.12775685 0.12491117 0.12196586 0.11892601 0.11580543 0.11263028 0.10944147 0.10629337 0.1032462 0.10035312 0.097647557 0.095137958 0.092812251 0.090648502 0.088625353 0.086727175 0.084943642 0.083267005 0.081689759 0.080203436 0.078798396 0.077464431 0.076191866 0.074972719 0.073801332 0.072673929 0.071587248 0.070536944 0.069516536 0.068517486 0.067530735 0.066549123 0.065568999 0.064589917
0.17404526 0.17238842 0.17070295 0.16898758 0.16724091 0.16546141 0.16364736 0.16179686 0.15990779 0.15797777 0.15600413 0.15398386 0.15191356 0.14978935 0.14760685 0.14536104 0.14304622 0.14065588 0.13818263 0.13561816 0.13295321 0.13017776 0.12728142 0.12425439 0.1210892 0.11778402 0.11434791 0.11080841 0.10721965 0.10366518 0.1002466 0.09705576 0.094145051 0.091515979 0.089131288 0.086940895 0.084905602 0.083004896 0.081230311 0.079576734 0.078037764 0.076603947 0.075262689 0.073999561 0.072800572 0.07165491 0.070556807 0.069504825 0.068498645 0.06753546 0.066607487 0.065701334 0.064801018 0.063894423 0.062977718 0.062053583
0.17461857 0.17295048 0.17125284 0.16952429 0.1677633 0.1659682 0.16413711 0.16226794 0.16035831 0.15840557 0.15640671 0.15435828 0.15225637 0.15009645 0.14787331 0.14558091 0.14321221 0.14075899 0.13821162 0.13555883 0.13278743 0.12988217 0.1268257 0.12359898 0.12018274 0.11656086 0.11272774 0.10870215 0.10454847 0.10039675 0.096432657 0.092833165 0.089687674 0.086973628 0.084590188 0.082421781 0.080398371 0.07850455 0.076746111 0.075126823 0.073644198 0.072288125 0.071041082 0.069880856 0.068784579 0.067735021 0.066726743 0.065765255 0.064858415 0.064008458 0.063207393 0.062432609 0.061650546 0.060836158 0.059988017 0.059118364
0.17521457 0.17353591 0.17182684 0.1700859 0.16831147 0.16650171 0.1646546 0.16276785 0.16083888 0.15886475 0.15684212 0.15476713 0.15263535 0.15044162 0.14817991 0.14584313 0.14342286 0.14090907 0.13828973 0.13555027 0.132673 0.12963635 0.12641404 0.12297432 0.11927967 0.11528843 0.11096119 0.10627963 0.10129136 0.0961871 0.091339589 0.087142679 0.083759267 0.081092124 0.078880743 0.076838062 0.074843708 0.072945207 0.071197339 0.069617637 0.068212517 0.066971825 0.065868531 0.064866235 0.063922324 0.063001048 0.062096837 0.06123648 0.060449099 0.059748155 0.059133315 0.058569055 0.057970451 0.05726892 0.056484092 0.055660656
0.17583395 0.17414547 0.17242579 0.17067336 0.16888643 0.16706308 0.16520112 0.16329809 0.16135121 0.15935728 0.15731265 0.15521309 0.15305368 0.15082865 0.14853121 0.14615323 0.14368499 0.14111465 0.13842774 0.1356063 0.13262783 0.12946376 0.12607744 0.12242126 0.11843297 0.11403131 0.10911301 0.10356047 0.097296141 0.090493295 0.08397421 0.078836691 0.075322583 0.073106178 0.07158401 0.069885321 0.067816784 0.065815937 0.064043334 0.062479244 0.061170789 0.060106506 0.0592337 0.058498047 0.057812796 0.057074239 0.056264549 0.055490639 0.054841436 0.054328818 0.054002261 0.0538486 0.053617784 0.053018882 0.052241346 0.051452314
0.17647733 0.17477986 0.17305046 0.17128751 0.16948917 0.1676534 0.1657779 0.16386005 0.16189689 0.15988499 0.15782044 0.15569867 0.15351433 0.15126112 0.14893154 0.14651657 0.14400526 0.14138416 0.1386365 0.13574113 0.13267089 0.12939028 0.12585194 0.12199112 0.11771688 0.11289733 0.10733396 0.10071675 0.092557807 0.082295876 0.071491348 0.064980115 0.061847673 0.061113746 0.06239827 0.061482427 0.058293188 0.055868938 0.054032952 0.052269257 0.051060216 0.050297143 0.04980932 0.049599556 0.049506088 0.049103768 0.04823179 0.047381985 0.046957058 0.046577815 0.046676418 0.04752025 0.048631716 0.047626861 0.046564179 0.046022746
0.1771453 0.17543972 0.17370156 0.17192914 0.17012056 0.16827366 0.16638605 0.16445499 0.16247736 0.16044955 0.15836743 0.15622614 0.15402 0.15174225 0.14938484 0.14693799 0.14438977 0.14172536 0.13892613 0.13596824 0.1328206 0.12944177 0.12577503 0.1217403 0.11721999 0.11203268 0.10587872 0.098211338 0.087854343 0.07127336 0.034414353 0.032182342 0.03215507 0.034557132 0.0579552 0.053200065 0.040747023 0.039575214 0.03746534 0.034205605 0.033059287 0.03277829 0.032532507 0.032968436 0.034780759 0.035618778 0.033433903 0.028919183 0.0310091 0.027375589 0.028372038 0.02958886 0.050931549 0.034110596 0.032748696 0.03922984
0.17783839 0.17612562 0.17437973 0.17259896 0.17078136 0.16892472 0.16702655 0.16508401 0.16309387 0.1610524 0.15895528 0.15679745 0.15457299 0.15227481 0.14989446 0.14742163 0.14484368 0.14214486 0.13930524 0.13629915 0.13309282 0.1296408 0.12588014 0.1217206 0.11702731 0.11158756 0.1050408 0.096709973 0.085104941 0.065955034 0.030104159 0.027483143 0.02682273 0.027974892 0.036205102 0.036327563 0.032963864 0.032010357 0.031506291 0.029758925 0.029203831 0.029221646 0.029491359 0.031232103 0.030241383 0.031453113 0.026770979 0.025193619 0.02513485 0.028659641 0.024837459 0.028174687 0.048932697 0.033784898 0.03039997 0.038923745
0.17855706 0.17683807 0.1750855 0.17329756 0.17147225 0.16960732 0.16770021 0.16574803 0.16374747 0.16169471 0.15958534 0.15741417 0.15517513 0.15286097 0.15046299 0.14797063 0.14537089 0.14264759 0.1397802 0.13674228 0.13349901 0.13000351 0.12619085 0.12196813 0.11719722 0.11166279 0.10500953 0.096609596 0.0852656 0.068631559 0.050238087 0.02986596 0.026469012 0.026539132 0.028652774 0.029524529 0.029517694 0.031664541 0.030393903 0.028281665 0.028360138 0.029272924 0.029032936 0.027722366 0.027335535 0.027165419 0.02394321 0.024847936 0.031344875 0.024779823 0.03151582 0.027219979 0.031695783 0.027854273 0.025136744 0.029812006
0.17930171 0.1775775 0.17581935 0.17402545 0.17219378 0.17032205 0.16840769 0.16644777 0.16443895 0.16237739 0.16025862 0.15807743 0.15582772 0.1535022 0.15109216 0.14858703 0.14597384 0.14323648 0.1403546 0.13730211 0.13404487 0.13053728 0.12671688 0.12249573 0.11774604 0.11227562 0.10578504 0.097794832 0.087544132 0.074034315 0.057846261 0.030358019 0.026985401 0.026849894 0.032402753 0.029771689 0.028396759 0.029379591 0.029026511 0.027408237 0.027256664 0.02812178 0.027910445 0.027235443 0.027087243 0.024588455 0.023357384 0.023120482 0.02558358 0.022613509 0.024026275 0.022618119 0.023527052 0.022692481 0.021792651 0.022593555
0.18007266 0.17834425 0.17658164 0.17478302 0.17294635 0.17106936 0.16914947 0.16718375 0.16516888 0.16310102 0.16097575 0.15878793 0.15653149 0.1541993 0.1517828 0.14927168 0.14665336 0.1439123 0.14102905 0.13797889 0.13472992 0.13124015 0.12745325 0.12329206 0.11864845 0.11336772 0.10722486 0.099890874 0.090891037 0.079517776 0.063773955 0.037226354 0.02879059 0.030305476 0.032153256 0.030622037 0.031722827 0.03016364 0.028750711 0.027626634 0.027806173 0.030686584 0.033663375 0.03251976 0.028107983 0.024894443 0.023034448 0.022689347 0.022764957 0.02265338 0.021922788 0.023222115 0.020863612 0.020631574 0.022274448 0.020569838
0.18087015 0.17913857 0.17737264 0.17557054 0.17373027 0.17184956 0.16992585 0.16795627 0.16593754 0.1638659 0.16173702 0.15954588 0.15728661 0.15495232 0.1525348 0.15002423 0.14740872 0.14467374 0.14180132 0.13876893 0.13554803 0.1321019 0.12838264 0.12432699 0.11985037 0.11483882 0.10913855 0.10254262 0.094765671 0.085330067 0.072916824 0.05562963 0.048127245 0.053424195 0.053776648 0.045547254 0.043230082 0.033735401 0.029809569 0.028592122 0.028688643 0.029940472 0.03097892 0.031340774 0.028517338 0.025730057 0.025542046 0.022598469 0.022101608 0.022047041 0.027712661 0.021169346 0.020229864 0.020977437 0.023392237 0.020651737
0.18169437 0.17996065 0.17819252 0.1763882 0.17454569 0.17266278 0.17073696 0.16876543 0.166745 0.16467202 0.16254231 0.16035107 0.15809269 0.15576064 0.15334721 0.15084325 0.14823782 0.14551769 0.14266676 0.13966527 0.13648868 0.13310632 0.12947962 0.1255598 0.12128525 0.11657885 0.11134589 0.10547394 0.098834959 0.09129511 0.082848312 0.074502855 0.068447123 0.065675533 0.064015994 0.059185438 0.053026209 0.043823444 0.033538087 0.02904809 0.027521223 0.027036399 0.0269625 0.027326638 0.026584682 0.026153484 0.027732631 0.023692265 0.022249835 0.022043074 0.024956548 0.025933582 0.020849255 0.027810059 0.021801421 0.019661174
0.18254541 0.18081058 0.17904137 0.17723604 0.17539264 0.17350902 0.17158276 0.16961113 0.16759107 0.16551908 0.16339121 0.16120289 0.15894887 0.15662306 0.15421836 0.15172642 0.14913739 0.14643957 0.14361895 0.14065872 0.13753858 0.13423397 0.13071529 0.12694702 0.12288727 0.11848826 0.11369882 0.10847106 0.10277629 0.096644622 0.090265234 0.084116531 0.078765112 0.074409873 0.070674936 0.066548947 0.061357396 0.05457871 0.043834312 0.032333813 0.027581103 0.026940375 0.02702122 0.026880586 0.027161229 0.028416329 0.032213435 0.025997495 0.022922789 0.02245683 0.021685551 0.022287365 0.025829645 0.022318785 0.021945285 0.01908298
0.18342331 0.18168836 0.17991917 0.17811402 0.17627105 0.17438817 0.17246304 0.17049308 0.16847535 0.16640657 0.164283 0.16210038 0.15985387 0.15753788 0.15514597 0.15267069 0.15010337 0.14743387 0.14465034 0.1417389 0.13868329 0.13546462 0.13206113 0.12844832 0.12459962 0.12048825 0.11609121 0.11139681 0.10641866 0.1012193 0.095939815 0.090798883 0.086002727 0.081610502 0.077435978 0.073052582 0.06796942 0.061593136 0.052696064 0.035704933 0.029175663 0.031440959 0.036587011 0.037177342 0.037484652 0.038265986 0.038919366 0.035210017 0.032636699 0.025324145 0.021760494 0.02102538 0.022090133 0.020087228 0.02049309 0.019059905
0.18432804 0.18259395 0.18082583 0.17902202 0.17718073 0.17529995 0.17337747 0.17141083 0.16939728 0.16733373 0.1652167 0.1630423 0.16080608 0.15850301 0.15612736 0.15367257 0.15113115 0.14849454 0.14575292 0.14289513 0.13990857 0.13677917 0.1334916 0.13002982 0.12637821 0.12252363 0.11845903 0.11418908 0.10973826 0.10516007 0.1005412 0.095986929 0.091578771 0.087318543 0.083084957 0.078626294 0.073567134 0.067266386 0.058034296 0.038586385 0.032718758 0.037833345 0.047891074 0.049533221 0.04927439 0.048297639 0.046423015 0.043129543 0.038357591 0.031202643 0.022268051 0.021450059 0.020417954 0.019551486 0.019014212 0.018917601
0.18525949 0.18352721 0.18176117 0.1799598 0.17812137 0.176244 0.17432558 0.17236381 0.17035611 0.16829963 0.16619117 0.16402718 0.16180366 0.15951614 0.15715956 0.15472828 0.15221593 0.1496154 0.14691875 0.14411722 0.14120128 0.1381608 0.13498541 0.13166519 0.12819176 0.12456008 0.12077103 0.1168347 0.11277414 0.1086276 0.10444597 0.100281 0.096163126 0.092074899 0.087928807 0.083552309 0.078652607 0.072650582 0.063938906 0.04664219 0.03901813 0.04279646 0.054728579 0.056457816 0.055693079 0.05384277 0.05107097 0.047251668 0.04273043 0.041108894 0.024651607 0.022192351 0.021131126 0.020299016 0.019234317 0.019326339
0.18621752 0.18448794 0.18272495 0.18092706 0.17909262 0.17721986 0.1753068 0.1733513 0.17135098 0.16930321 0.16720509 0.16505341 0.16284462 0.16057477 0.1582395 0.15583398 0.15335291 0.15079047 0.14814036 0.14539586 0.14254994 0.13959551 0.13652586 0.13333524 0.13001981 0.12657894 0.12301675 0.11934388 0.11557866 0.11174686 0.10787815 0.10399823 0.10011675 0.096213838 0.092228177 0.088045323 0.083471311 0.078143328 0.071207619 0.060307775 0.053520373 0.055417958 0.061391248 0.061832092 0.060353933 0.057813188 0.054291494 0.049482389 0.042115724 0.029434004 0.023756171 0.023861994 0.023430292 0.020790601 0.020827696 0.022526655
0.18720192 0.1854759 0.18371687 0.18192343 0.18009402 0.17822698 0.17632048 0.17437253 0.17238093 0.17034331 0.16825705 0.16611928 0.16392687 0.16167638 0.15936409 0.15698592 0.15453751 0.15201418 0.14941102 0.14672294 0.1439449 0.14107211 0.1381004 0.13502677 0.13185006 0.12857178 0.12519698 0.12173501 0.1181996 0.11460791 0.1109776 0.10732198 0.10364344 0.09992685 0.096134204 0.092200719 0.08803035 0.083492154 0.078466024 0.073273624 0.069526288 0.068200583 0.067779245 0.066478624 0.064192074 0.061015052 0.056808196 0.050991916 0.04108098 0.025842506 0.023424257 0.026716067 0.021770986 0.022414052 0.019980457 0.020416958
0.18821245 0.18649078 0.18473657 0.18294848 0.18112507 0.17926477 0.1773659 0.17542663 0.17344495 0.17141873 0.1693456 0.16722305 0.16504833 0.16281848 0.16053034 0.15818053 0.15576548 0.15328149 0.15072477 0.14809157 0.14537834 0.14258195 0.13969999 0.13673118 0.13367583 0.13053634 0.12731765 0.12402741 0.12067579 0.1172744 0.11383437 0.11036339 0.10686245 0.10332301 0.099725726 0.096042145 0.092241808 0.088313639 0.084326478 0.080543705 0.07739048 0.074991975 0.072892475 0.07051526 0.067560744 0.063849491 0.059094919 0.052644409 0.042591525 0.030480479 0.023523752 0.023055411 0.022936878 0.025371735 0.020728542 0.020084005
