landslides_training_model/shapes/shapes_mean/xgboost_mean_suc.tif
NCOLS 441
NROWS 451
XLLCORNER -92.213079
YLLCORNER 13.747265
DX 0.0090151111
DY 0.0090031242
NODATA_VALUE -9999
[rows 50 to 74 of 451, columns 0 to 55 of 441]
0.23423854 0.23343511 0.23262244 0.23180044 0.23096899 0.23012798 0.2292773 0.22841683 0.22754646 0.22666607 0.22577554 0.22487475 0.22396356 0.22304187 0.22210953 0.22116641 0.22021238 0.21924731 0.21827106 0.21728347 0.21628441 0.21527373 0.21425127 0.21321689 0.21217041 0.21111169 0.21004054 0.20895681 0.2078603 0.20675085 0.20562827 0.20449237 0.20334294 0.20217979 0.2010027 0.19981147 0.19860586 0.19738565 0.19615059 0.19490045 0.19363495 0.19235384 0.19105683 0.18974364 0.18841395 0.18706747 0.18570385 0.18432276 0.18292382 0.18150667 0.1800709 0.17861609 0.17714182 0.1756476 0.17413296 0.17259739
0.23488805 0.23408504 0.23327273 0.23245101 0.23161979 0.23077893 0.22992834 0.22906788 0.22819745 0.22731692 0.22642617 0.22552507 0.2246135 0.22369132 0.22275841 0.22181463 0.22085985 0.21989391 0.21891668 0.21792802 0.21692777 0.21591577 0.21489188 0.21385594 0.21280777 0.21174721 0.21067409 0.20958824 0.20848945 0.20737756 0.20625237 0.20511368 0.20396128 0.20279496 0.2016145 0.20041968 0.19921027 0.19798601 0.19674667 0.19549197 0.19422164 0.19293541 0.19163297 0.19031401 0.18897822 0.18762526 0.18625477 0.18486638 0.18345969 0.18203431 0.18058979 0.17912567 0.17764148 0.1761367 0.17461079 0.17306316
0.23554635 0.23474385 0.23393199 0.23311068 0.23227978 0.23143919 0.23058879 0.22972846 0.22885807 0.22797752 0.22708666 0.22618538 0.22527354 0.22435101 0.22341765 0.22247333 0.22151791 0.22055123 0.21957317 0.21858356 0.21758225 0.21656908 0.2155439 0.21450653 0.21345682 0.21239458 0.21131963 0.2102318 0.2091309 0.20801673 0.20688908 0.20574777 0.20459256 0.20342325 0.2022396 0.20104137 0.19982833 0.19860022 0.19735677 0.19609771 0.19482275 0.19353159 0.19222393 0.19089943 0.18955775 0.18819853 0.18682139 0.18542593 0.18401173 0.18257835 0.18112533 0.17965215 0.17815829 0.17664319 0.17510625 0.17354683
0.23621347 0.23541159 0.2346003 0.23377948 0.23294902 0.23210881 0.23125871 0.23039862 0.2295284 0.22864793 0.22775709 0.22685574 0.22594375 0.22502099 0.22408731 0.22314258 0.22218665 0.22121938 0.22024061 0.21925019 0.21824796 0.21723376 0.21620742 0.21516879 0.21411767 0.2130539 0.21197729 0.21088765 0.20978478 0.20866849 0.20753857 0.2063948 0.20523696 0.20406483 0.20287817 0.20167673 0.20046025 0.19922848 0.19798113 0.19671791 0.19543854 0.19414268 0.19283001 0.19150019 0.19015285 0.18878761 0.18740407 0.1860018 0.18458036 0.18313925 0.18167799 0.18019603 0.17869279 0.17716767 0.17562001 0.1740491
0.23688946 0.23608831 0.23527769 0.23445749 0.23362758 0.23278785 0.23193817 0.23107843 0.23020849 0.22932824 0.22843753 0.22753624 0.22662423 0.22570136 0.22476749 0.22382248 0.22286618 0.22189843 0.22091909 0.219928 0.218925 0.21790991 0.21688258 0.21584282 0.21479046 0.21372531 0.21264719 0.2115559 0.21045124 0.20933301 0.20820098 0.20705493 0.20589465 0.20471989 0.20353041 0.20232595 0.20110624 0.19987101 0.19861997 0.19735283 0.19606925 0.19476892 0.1934515 0.1921166 0.19076386 0.18939287 0.18800319 0.18659439 0.18516598 0.18371745 0.18224827 0.18075784 0.17924556 0.17771075 0.17615272 0.17457069
0.23757439 0.23677407 0.23596423 0.23514474 0.2343155 0.23347636 0.23262722 0.23176795 0.23089842 0.23001849 0.22912804 0.22822693 0.22731503 0.22639218 0.22545825 0.22451309 0.22355656 0.22258848 0.22160872 0.2206171 0.21961347 0.21859764 0.21756946 0.21652874 0.21547529 0.21440893 0.21332947 0.2122367 0.21113042 0.21001041 0.20887646 0.20772833 0.20656579 0.2053886 0.20419649 0.20298922 0.20176649 0.20052803 0.19927353 0.19800267 0.19671515 0.19541059 0.19408866 0.19274895 0.19139108 0.19001461 0.1886191 0.18720407 0.18576902 0.18431339 0.18283662 0.18133809 0.17981713 0.17827304 0.17670504 0.1751123
0.23826828 0.23746891 0.23665996 0.2358413 0.23501283 0.23417441 0.23332593 0.23246725 0.23159823 0.23071876 0.2298287 0.2289279 0.22801623 0.22709354 0.22615968 0.22521451 0.22425788 0.22328962 0.22230957 0.22131757 0.22031346 0.21929705 0.21826818 0.21722665 0.21617228 0.21510488 0.21402424 0.21293017 0.21182244 0.21070085 0.20956516 0.20841514 0.20725054 0.20607111 0.2048766 0.20366672 0.2024412 0.20119973 0.199942 0.19866769 0.19737646 0.19606794 0.19474176 0.19339753 0.19203482 0.19065318 0.18925215 0.18783122 0.18638986 0.1849275 0.18344352 0.18193727 0.18040805 0.1788551 0.17727759 0.17567464
0.23897119 0.23817287 0.23736492 0.23654722 0.23571964 0.23488205 0.23403434 0.23317637 0.232308 0.23142911 0.23053956 0.2296392 0.22872789 0.22780549 0.22687185 0.22592681 0.22497022 0.22400191 0.22302173 0.22202951 0.22102507 0.22000824 0.21897883 0.21793666 0.21688153 0.21581326 0.21473162 0.21363643 0.21252744 0.21140445 0.21026722 0.2091155 0.20794905 0.20676761 0.2055709 0.20435865 0.20313055 0.20188631 0.2006256 0.19934809 0.19805342 0.19674121 0.19541108 0.19406261 0.19269537 0.19130889 0.18990267 0.18847619 0.1870289 0.18556018 0.18406941 0.18255588 0.18101885 0.17945752 0.17787101 0.17625837
0.23968316 0.23888601 0.23807917 0.23726253 0.23643596 0.23559933 0.23475251 0.23389537 0.23302778 0.2321496 0.23126068 0.23036089 0.22945009 0.22852812 0.22759482 0.22665006 0.22569365 0.22472546 0.22374529 0.222753 0.22174839 0.22073129 0.21970151 0.21865887 0.21760316 0.21653418 0.21545173 0.21435559 0.21324554 0.21212135 0.21098277 0.20982956 0.20866147 0.20747823 0.20627955 0.20506515 0.20383473 0.20258797 0.20132454 0.20004409 0.19874625 0.19743064 0.19609686 0.19474447 0.19337302 0.19198203 0.19057099 0.18913934 0.1876865 0.18621185 0.18471472 0.18319437 0.18165002 0.18008084 0.17848589 0.17686416
0.24040422 0.23960836 0.23880275 0.23798729 0.23716185 0.23632629 0.23548049 0.23462431 0.23375762 0.23288027 0.23199213 0.23109305 0.23018288 0.22926148 0.22832868 0.22738433 0.22642826 0.22546032 0.22448033 0.22348811 0.2224835 0.22146629 0.22043632 0.21939337 0.21833725 0.21726776 0.21618468 0.21508779 0.21397686 0.21285166 0.21171195 0.21055747 0.20938795 0.20820313 0.20700271 0.20578641 0.20455391 0.20330489 0.202039 0.20075588 0.19945517 0.19813646 0.19679933 0.19544335 0.19406804 0.1926729 0.1912574 0.18982098 0.18836302 0.18688288 0.18537985 0.18385318 0.18230205 0.18072557 0.17912279 0.17749263
0.24113443 0.24033996 0.2395357 0.23872154 0.23789735 0.23706299 0.23621833 0.23536324 0.23449757 0.2336212 0.23273396 0.23183573 0.23092633 0.23000564 0.22907347 0.22812969 0.22717411 0.22620658 0.22522691 0.22423494 0.22323048 0.22221334 0.22118333 0.22014026 0.21908391 0.21801409 0.21693056 0.21583312 0.21472152 0.21359552 0.21245488 0.21129933 0.21012862 0.20894245 0.20774054 0.20652258 0.20528825 0.20403723 0.20276916 0.20148367 0.20018038 0.19885888 0.19751874 0.1961595 0.19478068 0.19338177 0.19196222 0.19052143 0.18905879 0.18757362 0.1860652 0.18453273 0.18297538 0.18139222 0.17978224 0.17814434
0.24187381 0.24108085 0.24027807 0.23946533 0.2386425 0.23780947 0.23696608 0.2361122 0.2352477 0.23437242 0.23348623 0.23258897 0.2316805 0.23076065 0.22982928 0.2288862 0.22793127 0.2269643 0.22598512 0.22499355 0.22398941 0.22297251 0.22194265 0.22089963 0.21984324 0.21877326 0.21768949 0.21659168 0.21547961 0.21435302 0.21321167 0.21205529 0.2108836 0.20969633 0.20849316 0.2072738 0.20603792 0.20478517 0.2035152 0.20222763 0.20092207 0.1995981 0.19825528 0.19689315 0.19551119 0.1941089 0.1926857 0.19124099 0.18977413 0.18828442 0.18677111 0.18523341 0.18367043 0.18208122 0.18046474 0.17881985
0.2426224 0.24183108 0.24102988 0.24021868 0.23939735 0.23856576 0.23772377 0.23687124 0.23600803 0.23513399 0.23424898 0.23335285 0.23244544 0.23152659 0.23059614 0.22965393 0.22869979 0.22773355 0.22675502 0.22576402 0.22476038 0.22374388 0.22271434 0.22167155 0.2206153 0.21954538 0.21846155 0.21736359 0.21625125 0.21512429 0.21398245 0.21282545 0.21165303 0.21046489 0.20926073 0.20804022 0.20680305 0.20554885 0.20427728 0.20298794 0.20168043 0.20035432 0.19900917 0.1976445 0.19625979 0.19485452 0.1934281 0.19197991 0.19050931 0.18901557 0.18749793 0.18595557 0.18438758 0.18279298 0.18117072 0.17951962
0.24338024 0.24259066 0.24179117 0.24098164 0.24016194 0.23933192 0.23849146 0.23764041 0.23677862 0.23590596 0.23502227 0.2341274 0.23322119 0.23230349 0.23137413 0.23043294 0.22947975 0.22851439 0.22753668 0.22654642 0.22554344 0.22452752 0.22349849 0.22245612 0.2214002 0.22033051 0.21924683 0.21814892 0.21703653 0.21590941 0.2147673 0.21360993 0.21243702 0.21124826 0.21004335 0.20882197 0.20758378 0.20632843 0.20505555 0.20376475 0.20245561 0.20112771 0.19978058 0.19841375 0.19702669 0.19561885 0.19418964 0.19273845 0.1912646 0.18976735 0.18824594 0.18669951 0.18512716 0.18352788 0.18190059 0.18024409
0.24414735 0.24335965 0.24256199 0.24175425 0.24093629 0.24010798 0.23926918 0.23841974 0.23755952 0.23668837 0.23580614 0.23491268 0.23400782 0.23309142 0.23216329 0.23122328 0.2302712 0.22930689 0.22833015 0.22734081 0.22633866 0.22532351 0.22429516 0.2232534 0.222198 0.22112875 0.22004542 0.21894777 0.21783554 0.21670849 0.21556635 0.21440883 0.21323567 0.21204654 0.21084115 0.20961917 0.20838025 0.20712403 0.20585015 0.2045582 0.20324778 0.20191843 0.20056969 0.19920108 0.19781206 0.19640208 0.19497055 0.19351683 0.19204023 0.19054002 0.18901541 0.18746554 0.18588948 0.18428623 0.18265468 0.18099361
0.24492377 0.24413806 0.24334236 0.24253653 0.24172045 0.24089397 0.24005696 0.23920927 0.23835075 0.23748125 0.23660063 0.23570872 0.23480537 0.23389041 0.23296368 0.232025 0.23107419 0.23011109 0.2291355 0.22814724 0.22714611 0.22613191 0.22510443 0.22406346 0.22300878 0.22194017 0.2208574 0.21976021 0.21864837 0.21752161 0.21637966 0.21522225 0.21404908 0.21285984 0.21165424 0.21043192 0.20919256 0.20793578 0.20666121 0.20536844 0.20405706 0.20272662 0.20137665 0.20000665 0.19861609 0.19720441 0.195771 0.19431523 0.1928364 0.19133378 0.18980656 0.18825388 0.1866748 0.1850683 0.18343328 0.18176851
0.24570952 0.24492592 0.2441323 0.24332852 0.24251445 0.24168993 0.24085485 0.24000904 0.23915236 0.23828466 0.23740579 0.23651558 0.23561388 0.23470052 0.23377533 0.23283814 0.23188878 0.23092706 0.22995279 0.22896578 0.22796584 0.22695277 0.22592635 0.22488637 0.22383261 0.22276484 0.22168283 0.22058633 0.21947509 0.21834885 0.21720733 0.21605026 0.21487734 0.21368826 0.21248271 0.21126034 0.21002083 0.20876378 0.20748884 0.20619558 0.20488359 0.20355242 0.20220158 0.20083059 0.19943891 0.19802597 0.19659116 0.19513383 0.1936533 0.19214882 0.19061958 0.18906473 0.18748331 0.18587431 0.18423662 0.18256901
0.24650463 0.24572327 0.24493185 0.24413025 0.24331831 0.24249589 0.24166287 0.24081908 0.23996438 0.23909862 0.23822164 0.23733328 0.23643339 0.23552178 0.2345983 0.23366277 0.23271501 0.23175483 0.23078205 0.22979648 0.22879791 0.22778615 0.22676098 0.22572218 0.22466954 0.22360282 0.22252179 0.22142619 0.22031578 0.21919029 0.21804944 0.21689295 0.21572053 0.21453187 0.21332664 0.21210452 0.21086514 0.20960814 0.20833314 0.20703973 0.20572747 0.20439593 0.20304462 0.20167304 0.20028065 0.19886689 0.19743115 0.19597277 0.19449107 0.19298529 0.19145464 0.18989825 0.18831519 0.18670443 0.18506486 0.18339528
0.24730911 0.24653012 0.24574104 0.24494173 0.24413206 0.24331188 0.24248105 0.24163942 0.24078685 0.23992317 0.23904823 0.23816187 0.23726393 0.23635424 0.23543262 0.23449891 0.23355291 0.23259445 0.23162334 0.23063938 0.22964237 0.2286321 0.22760837 0.22657096 0.22551964 0.22445417 0.22337433 0.22227985 0.22117049 0.22004598 0.21890605 0.2177504 0.21657874 0.21539076 0.21418613 0.21296453 0.21172559 0.21046894 0.2091942 0.20790097 0.2065888 0.20525726 0.20390586 0.20253409 0.20114143 0.1997273 0.19829109 0.19683216 0.19534981 0.19384331 0.19231185 0.19075457 0.18917055 0.18755877 0.18591813 0.18424745
0.248123 0.2473465 0.24655987 0.245763 0.24495573 0.24413792 0.24330942 0.2424701 0.24161978 0.24075833 0.23988558 0.23900138 0.23810555 0.23719792 0.23627833 0.2353466 0.23440254 0.23344597 0.2324767 0.23149453 0.23049926 0.22949068 0.22846858 0.22743275 0.22638295 0.22531894 0.2242405 0.22314737 0.2220393 0.220916 0.21977722 0.21862266 0.21745201 0.21626498 0.21506124 0.21384044 0.21260223 0.21134625 0.21007211 0.20877938 0.20746766 0.20613648 0.20478538 0.20341383 0.20202132 0.20060726 0.19917107 0.19771208 0.19622963 0.19472296 0.19319129 0.19163377 0.19004947 0.1884374 0.18679649 0.18512555
0.2489463 0.24817242 0.24738839 0.24659407 0.24578933 0.24497403 0.24414801 0.24331112 0.24246322 0.24160414 0.24073373 0.23985183 0.23895826 0.23805286 0.23713546 0.23620587 0.23526392 0.23430941 0.23334215 0.23236196 0.23136861 0.23036191 0.22934164 0.22830759 0.22725951 0.22619719 0.22512037 0.2240288 0.22292223 0.22180039 0.22066301 0.21950978 0.21834042 0.2171546 0.21595202 0.21473232 0.21349515 0.21224014 0.21096691 0.20967504 0.20836411 0.20703367 0.20568324 0.20431232 0.20292038 0.20150685 0.20007114 0.19861261 0.19713057 0.19562429 0.19409301 0.19253587 0.19095197 0.18934034 0.18769993 0.18602957
0.24977904 0.2490079 0.24822659 0.24743497 0.2466329 0.24582023 0.24499682 0.24416252 0.24331717 0.24246062 0.2415927 0.24071325 0.2398221 0.23891909 0.23800404 0.23707676 0.23613708 0.23518481 0.23421975 0.23324171 0.23225047 0.23124584 0.2302276 0.22919552 0.22814938 0.22708894 0.22601395 0.22492418 0.22381935 0.2226992 0.22156346 0.22041182 0.219244 0.21805967 0.21685852 0.21564021 0.21440438 0.21315066 0.21187866 0.21058799 0.20927821 0.20794887 0.2065995 0.20522961 0.20383867 0.20242611 0.20099135 0.19953376 0.19805266 0.19654733 0.19501701 0.19346088 0.19187806 0.19026757 0.18862841 0.18695946
0.25062122 0.24985295 0.2490745 0.2482857 0.24748644 0.24667655 0.24585589 0.24502432 0.24418166 0.24332778 0.2424625 0.24158566 0.2406971 0.23979663 0.23888409 0.2379593 0.23702206 0.2360722 0.23510951 0.2341338 0.23314487 0.2321425 0.23112647 0.23009657 0.22905257 0.22799423 0.2269213 0.22583354 0.22473069 0.22361247 0.22247861 0.22132881 0.22016279 0.21898022 0.21778079 0.21656415 0.21532996 0.21407784 0.2128074 0.21151826 0.21020998 0.20888211 0.20753419 0.20616573 0.20477621 0.20336506 0.20193172 0.20047555 0.1989959 0.19749207 0.19596329 0.19440878 0.19282767 0.19121902 0.18958185 0.18791507
0.25147286 0.2507076 0.24993212 0.24914629 0.24834997 0.247543 0.24672523 0.24589652 0.24505672 0.24420565 0.24334316 0.24246909 0.24158326 0.2406855 0.23977564 0.23885349 0.23791887 0.2369716 0.23601146 0.23503827 0.23405182 0.2330519 0.2320383 0.23101078 0.22996912 0.22891309 0.22784244 0.22675692 0.22565627 0.22454022 0.22340849 0.22226079 0.22109683 0.21991629 0.21871885 0.21750418 0.21627192 0.21502171 0.21375316 0.21246588 0.21115944 0.20983341 0.20848732 0.20712069 0.20573299 0.2043237 0.20289222 0.20143796 0.19996027 0.19845846 0.19693179 0.19537949 0.19380072 0.19219458 0.1905601 0.18889626
0.25233397 0.25157184 0.25079948 0.25001674 0.24922349 0.24841958 0.24760485 0.24677915 0.24594234 0.24509424 0.24423469 0.24336354 0.24248061 0.24158572 0.2406787 0.23975937 0.23882754 0.23788302 0.23692562 0.23595514 0.23497136 0.23397409 0.23296309 0.23193816 0.23089906 0.22984555 0.22877739 0.22769434 0.22659612 0.22548247 0.22435312 0.22320777 0.22204613 0.22086789 0.21967272 0.2184603 0.21723028 0.21598228 0.21471594 0.21343086 0.21212661 0.21080278 0.20945889 0.20809447 0.20670902 0.205302 0.20387284 0.20242096 0.20094572 0.19944645 0.19792243 0.19637292 0.1947971 0.1931941 0.191563 0.1899028
