landslides_training_model/shapes/shapes_mean/xgboost_mean_suc.tif
NCOLS 441
NROWS 451
XLLCORNER -92.213079
YLLCORNER 13.747265
DX 0.0090151111
DY 0.0090031242
NODATA_VALUE -9999
[rows 325 to 349 of 451, columns 280 to 335 of 441]
0.77452873 0.68450341 0.63108196 0.72229385 0.68436569 0.70711747 0.52455799 0.57625361 0.62212884 0.63318646 0.5896425 0.5582517 0.61784899 0.59610833 0.61527593 0.55471657 0.48316001 0.55641961 0.59401285 0.5690366 0.5675448 0.57486647 0.61614064 0.62332569 0.6071748 0.57969194 0.63035554 0.61125958 0.63022237 0.61372337 0.67852166 0.70374943 0.57077369 0.5745167 0.58809105 0.64442272 0.58102066 0.66725302 0.58397061 0.46950327 0.56018995 0.63367891 0.42930607 0.53241313 0.45491648 0.47630984 0.55178762 0.47732442 0.35248731 0.32914296 0.35750337 0.39072157 0.40741496 0.41469457 0.41764144 0.41770023
0.78517503 0.74030558 0.66900584 0.66193843 0.68233518 0.70701606 0.69863994 0.54030112 0.61850107 0.57534073 0.50123916 0.57914074 0.54275853 0.56967849 0.53158954 0.52506147 0.48356364 0.55931745 0.60014381 0.61497335 0.64189224 0.63718165 0.60818698 0.5379683 0.53767865 0.58037673 0.55037586 0.57306161 0.62496873 0.68733068 0.57051287 0.53246573 0.46652422 0.59742729 0.55450319 0.6718837 0.45870594 0.5470989 0.65941955 0.63719785 0.50694177 0.43327838 0.37924965 0.49434156 0.47862689 0.43474317 0.43428144 0.42764613 0.39600906 0.3912767 0.3859078 0.39440957 0.41170086 0.41451999 0.41437557 0.41271109
0.76245669 0.75403203 0.77946805 0.72437676 0.58714497 0.70204032 0.61628945 0.58472566 0.5241155 0.38525188 0.372034 0.56937422 0.439926 0.44618778 0.45802121 0.54031634 0.51778412 0.55235379 0.59392001 0.62391645 0.63171399 0.62070733 0.58405793 0.48926105 0.47684262 0.53742218 0.53747867 0.551243 0.61477255 0.57821901 0.56346222 0.64842726 0.55410973 0.50254719 0.5112804 0.53364652 0.55991781 0.53517805 0.51617173 0.34636936 0.4492753 0.46656361 0.38025018 0.46334098 0.44681762 0.31240579 0.37209833 0.38460498 0.34378542 0.39301081 0.41758521 0.41518759 0.41551019 0.414036 0.41144342 0.40832406
0.74368773 0.68964575 0.77459886 0.69180561 0.67035212 0.65464778 0.6703763 0.64347439 0.40147684 0.35951808 0.46779071 0.50000768 0.43664007 0.40576796 0.44502986 0.50225258 0.51835793 0.52420959 0.53645618 0.58962679 0.62253842 0.62392165 0.60111189 0.54195369 0.54804016 0.55179009 0.56310239 0.56742333 0.59580934 0.45106867 0.55527708 0.66001963 0.63757507 0.53251618 0.51462794 0.65871597 0.47153217 0.62187024 0.49209705 0.60568716 0.47400205 0.45941228 0.42394709 0.54802646 0.42423221 0.3412658 0.31720468 0.32677229 0.32562468 0.42607114 0.44384814 0.42672577 0.42007954 0.41422069 0.40896414 0.40428697
0.74133141 0.69978994 0.76206168 0.76958575 0.7901638 0.78656129 0.76095246 0.6620906 0.40036072 0.43487807 0.44047831 0.5391082 0.59661166 0.53777408 0.46582709 0.50012957 0.52786011 0.50354129 0.45195511 0.52343035 0.56044448 0.56870957 0.60401952 0.5935372 0.60263786 0.58047052 0.6139203 0.58661462 0.53897253 0.62922361 0.56897229 0.52482506 0.48151256 0.59327365 0.40436671 0.50744892 0.48288808 0.48609434 0.37642902 0.45154782 0.41523397 0.42928485 0.49322511 0.45169529 0.30905914 0.32457254 0.30025368 0.33587402 0.38672994 0.45054081 0.46425409 0.45154194 0.42863036 0.41583936 0.40683788 0.40019977
0.64525956 0.77843194 0.79491337 0.78743846 0.79398217 0.79043085 0.75485036 0.70505712 0.60433158 0.40814265 0.40583477 0.56586039 0.60958289 0.60356535 0.48533262 0.56341277 0.50012361 0.46245201 0.47890261 0.52801584 0.5543906 0.56699049 0.60740261 0.64514542 0.62627234 0.60736203 0.51732078 0.51231698 0.52062901 0.51837857 0.63391649 0.63545515 0.64561301 0.52344658 0.50245393 0.57398827 0.35789942 0.48339806 0.51927971 0.330864 0.38852436 0.60333977 0.47981095 0.55608509 0.38018375 0.44916331 0.42020572 0.45451227 0.39670886 0.40950934 0.50727737 0.4982356 0.44909857 0.42011143 0.40468118 0.39537141
0.76705543 0.76908812 0.78360579 0.78610092 0.79511096 0.78440916 0.64492379 0.74223267 0.58636547 0.57824284 0.54188151 0.5417479 0.62647511 0.63698188 0.52891628 0.53809889 0.50672945 0.48364244 0.48115789 0.48164386 0.56003821 0.60856614 0.6222874 0.6322124 0.62486389 0.64431318 0.62869706 0.54736165 0.51695695 0.46860246 0.49985543 0.45383446 0.46998793 0.36140013 0.52594914 0.4965488 0.49582942 0.51820785 0.53427637 0.45594666 0.57928849 0.52974622 0.44029269 0.48407497 0.45428023 0.41636755 0.43970506 0.44039493 0.40933991 0.43685428 0.48373362 0.5124983 0.48274447 0.43377048 0.40103577 0.38842559
0.74556216 0.76303946 0.73451435 0.66427212 0.75291728 0.70849924 0.72791805 0.6697881 0.60149921 0.68489257 0.60810055 0.51050563 0.56556131 0.61912595 0.60982913 0.52245808 0.48798941 0.47562805 0.46665766 0.40859045 0.52097731 0.61354192 0.60811575 0.58159977 0.57802036 0.62479902 0.63224617 0.594434 0.56260959 0.57794235 0.50355572 0.46374203 0.38945294 0.48011646 0.51303276 0.51982383 0.52739306 0.65388227 0.68071154 0.58990952 0.43088168 0.48232387 0.50583921 0.6109852 0.44626504 0.49362947 0.55828522 0.42725962 0.44946908 0.44390467 0.46926499 0.46768015 0.48715214 0.4428502 0.38844352 0.376895
0.66085246 0.69018414 0.66528888 0.77144552 0.65744412 0.71646398 0.63930925 0.76312268 0.65665802 0.71318338 0.48495187 0.58976096 0.58967267 0.54995941 0.47707673 0.4747797 0.47215374 0.46326331 0.45129356 0.40876041 0.49453635 0.57164138 0.57288082 0.55228371 0.56034736 0.60659746 0.59568208 0.60959678 0.5659704 0.58267851 0.52484097 0.43411924 0.43056885 0.49557115 0.61400537 0.61714201 0.61786733 0.57072954 0.57309976 0.38629589 0.41755981 0.59352042 0.63689484 0.51235943 0.43682888 0.58166632 0.47974335 0.53787734 0.58222526 0.52774425 0.4356492 0.48383773 0.40894702 0.36305231 0.35605518 0.35788847
0.74572646 0.75865318 0.76207052 0.7761725 0.77875881 0.64756776 0.74057364 0.75498175 0.73452044 0.57935592 0.6285462 0.54505596 0.60650405 0.62190545 0.39883978 0.44806444 0.45920731 0.45056535 0.4347105 0.35716953 0.38984094 0.43659184 0.47904196 0.53335584 0.55979965 0.57074555 0.60311932 0.60675615 0.52517238 0.50417159 0.46742974 0.43464317 0.51895528 0.49549668 0.55169667 0.47543663 0.36331945 0.58392357 0.4695146 0.3817749 0.48389104 0.44618321 0.45514188 0.61569865 0.58883459 0.60301653 0.46920363 0.46130335 0.48904577 0.54605236 0.4421186 0.37906858 0.36565603 0.32983615 0.31447545 0.32266602
0.71955841 0.74871094 0.73028547 0.72926654 0.73390539 0.76430416 0.63317759 0.68847008 0.59800331 0.58622305 0.52772347 0.55385453 0.52215349 0.59614467 0.49901755 0.46208326 0.44970993 0.43805759 0.42072352 0.35507442 0.34319346 0.40587473 0.46565416 0.49450111 0.54231961 0.581773 0.58605585 0.59058006 0.52040025 0.49749716 0.44183667 0.38583036 0.48381072 0.49526064 0.57787087 0.40034841 0.55031506 0.45304981 0.43767205 0.5810488 0.4373628 0.50372877 0.63013565 0.45077356 0.64329858 0.5271966 0.48347476 0.48626351 0.40770567 0.36889696 0.36988691 0.31005058 0.31593698 0.35407595 0.28739722 0.26816277
0.69557232 0.62978059 0.70406301 0.62966812 0.76353818 0.73197006 0.74234095 0.62940607 0.49908856 0.52627722 0.46999233 0.58664592 0.60847337 0.52841658 0.48603133 0.45547144 0.43856632 0.42348964 0.39798869 0.35707422 0.3642688 0.43027588 0.45518413 0.47067228 0.51939175 0.53583502 0.50728226 0.50358622 0.48504604 0.44754866 0.41261932 0.476829 0.54226881 0.48264502 0.49550284 0.52578767 0.44486149 0.39085599 0.43882766 0.63221813 0.40621944 0.59767865 0.4123333 0.30689211 0.59788707 0.52805508 0.39272151 0.35364355 0.33103246 0.32618224 0.32852828 0.37683845 0.27277346 0.27089748 0.24565976 0.24817432
0.70692137 0.64395798 0.62299756 0.61969722 0.75215832 0.75246668 0.73899938 0.713004 0.53887294 0.53369587 0.58818655 0.46272098 0.50474974 0.58992729 0.4802038 0.44190938 0.42403441 0.40664107 0.34471098 0.36788116 0.43461945 0.45072303 0.42570163 0.44214995 0.48813235 0.52117291 0.53130443 0.49255892 0.5017013 0.48482918 0.47370591 0.49014746 0.47566173 0.48897532 0.53875672 0.57996897 0.33399943 0.35039631 0.35446377 0.53331116 0.34854012 0.58458079 0.38302193 0.28406033 0.35552124 0.36908365 0.26673892 0.22986572 0.29854156 0.24402661 0.27280458 0.28213577 0.26004402 0.23931443 0.2423289 0.26961133
0.6490474 0.71251044 0.72473334 0.6444093 0.71450256 0.66215492 0.65370252 0.5413969 0.49146539 0.6520278 0.53700646 0.52261098 0.55961982 0.48367199 0.44696735 0.42078943 0.40312582 0.38893633 0.32732568 0.3789394 0.48548879 0.45292311 0.44091616 0.4680348 0.50302276 0.52097096 0.50786392 0.48350415 0.4871066 0.53598295 0.49292896 0.48274493 0.45377152 0.58116579 0.40905127 0.43587986 0.41393131 0.39901651 0.34868892 0.38203393 0.46110391 0.36823064 0.3512932 0.2193084 0.23259618 0.36220037 0.22057744 0.2149839 0.26749042 0.21463134 0.19928989 0.21233707 0.26356891 0.2387776 0.25901007 0.27556627
0.68495661 0.6626546 0.69458526 0.69803117 0.61942582 0.57737089 0.68806312 0.42972483 0.49609632 0.6086589 0.5892387 0.6317446 0.54684018 0.46233872 0.42079106 0.38155212 0.35608877 0.34772844 0.35580939 0.33797807 0.40363208 0.49644518 0.47783176 0.46854572 0.49549006 0.51961327 0.53506849 0.50031285 0.4343118 0.49395689 0.54101372 0.48473535 0.43397861 0.5338668 0.57965759 0.39566926 0.39296635 0.42847017 0.31787359 0.37859095 0.42553001 0.49347185 0.3661256 0.20840833 0.19665257 0.28157548 0.2869238 0.20584929 0.22029846 0.20566682 0.2015087 0.25930854 0.27605446 0.23806054 0.25823898 0.33266161
0.64895065 0.5924938 0.56489656 0.63361847 0.65705594 0.6074207 0.63668004 0.64967236 0.49584387 0.39926066 0.51733326 0.59731026 0.53611489 0.43449923 0.39563001 0.30711525 0.26984432 0.27531643 0.31591408 0.3573863 0.41388814 0.47547224 0.42270572 0.39432609 0.42171497 0.43883658 0.45484516 0.46183217 0.42498116 0.42201657 0.49700465 0.4658922 0.54157143 0.55116655 0.56765278 0.43656336 0.4735799 0.43134242 0.29267083 0.3017283 0.48433219 0.39323829 0.37953097 0.30759697 0.22464556 0.18211499 0.26172749 0.25780122 0.19629722 0.26087125 0.20544856 0.27636345 0.26429195 0.21769098 0.25776728 0.30382688
0.56285046 0.59534459 0.5468103 0.56925347 0.60087996 0.4679332 0.48251134 0.48151863 0.44341947 0.52182776 0.4085179 0.55518167 0.37765985 0.39290372 0.37976979 0.30575311 0.29068775 0.33777118 0.30352056 0.33802113 0.3508966 0.39473715 0.40603222 0.40593542 0.41759212 0.41142024 0.39781245 0.41762969 0.45249577 0.4390739 0.38238478 0.39923228 0.51052979 0.41616769 0.52835658 0.41094559 0.3466717 0.29566459 0.35494315 0.25779067 0.33800816 0.29843875 0.32133429 0.24003574 0.20173385 0.18025079 0.25660095 0.25596158 0.20584951 0.28695418 0.24754895 0.25975443 0.22162212 0.22600016 0.25476422 0.22335261
0.58251182 0.60712319 0.58949392 0.55278619 0.41674491 0.59024765 0.51566471 0.47320383 0.55899035 0.57399653 0.59794905 0.5192954 0.29663741 0.36395291 0.38664373 0.32702214 0.2599244 0.28156687 0.31295996 0.31240609 0.37049191 0.38838025 0.37939463 0.38000486 0.41947393 0.46982732 0.44376175 0.42844374 0.48715507 0.50624424 0.46634557 0.3806737 0.45320239 0.52203322 0.44796427 0.5140784 0.35328646 0.33553869 0.30540046 0.297741 0.36345493 0.36015537 0.24508836 0.30448801 0.21860358 0.20903687 0.3034302 0.23635168 0.22428181 0.26053069 0.33874308 0.31436584 0.30883076 0.24422102 0.20681713 0.21351959
0.55364347 0.53214479 0.49663049 0.39457219 0.36066626 0.46619256 0.5304607 0.38839273 0.3361316 0.40636992 0.39073559 0.44537872 0.31380349 0.30995898 0.35732571 0.2551667 0.28404926 0.35502171 0.32189679 0.34047732 0.41298142 0.38580423 0.34804235 0.34249531 0.43186756 0.4794864 0.45970879 0.43422428 0.42555492 0.45646439 0.48782021 0.41417604 0.41790456 0.37271717 0.3790876 0.45925931 0.34252548 0.38914016 0.35339384 0.2942386 0.43140084 0.36168734 0.24209915 0.30434966 0.32567612 0.32874286 0.39050848 0.36201179 0.24416555 0.30872275 0.34210792 0.28815154 0.38229102 0.30211489 0.25517907 0.20554967
0.48104815 0.4831805 0.42999376 0.37439182 0.32517253 0.27584501 0.36699304 0.2755561 0.33535702 0.30449057 0.31119777 0.46746655 0.31869199 0.24728162 0.28450853 0.28960601 0.22459755 0.23626131 0.25749605 0.26973324 0.3028969 0.34340916 0.36725845 0.39519601 0.40289961 0.41409922 0.42714885 0.45219652 0.48073188 0.45566361 0.40332621 0.38986046 0.35843415 0.40181973 0.45468611 0.49462224 0.40490428 0.3512054 0.34610549 0.39043629 0.32367798 0.45374873 0.34101373 0.24148537 0.46403045 0.31658106 0.30182653 0.21922278 0.20023901 0.20355544 0.36639856 0.3801329 0.25903944 0.27855473 0.24588867 0.25503277
0.49695766 0.41593624 0.36689895 0.27586396 0.30393584 0.29622615 0.27768117 0.26253477 0.23376908 0.24142383 0.32109349 0.27275956 0.38443248 0.24710255 0.35400557 0.28812576 0.22468405 0.21078038 0.22030311 0.28687909 0.3305677 0.32607312 0.35433428 0.41182009 0.3934741 0.35994874 0.39218188 0.41440897 0.40610207 0.40225746 0.39617482 0.42553904 0.41955529 0.44653297 0.4109512 0.42366121 0.38675052 0.26597514 0.36295139 0.43999529 0.37166458 0.4053415 0.36485502 0.34450029 0.42754436 0.25141006 0.20084155 0.22423648 0.17940859 0.16521321 0.19243845 0.24892534 0.25666244 0.26876856 0.35819206 0.27205685
0.33709552 0.30165848 0.27300545 0.28634684 0.25260831 0.23943626 0.31194606 0.26542059 0.27850953 0.29014978 0.37186908 0.37278615 0.31618425 0.24720093 0.24960489 0.23610889 0.21085658 0.19667206 0.217241 0.27210132 0.2882686 0.2807759 0.29054298 0.32851713 0.3445698 0.3411994 0.35480269 0.36169833 0.35582779 0.3385259 0.33226828 0.39808639 0.42849809 0.40760797 0.39901023 0.35199075 0.34416031 0.30838712 0.34849598 0.36496441 0.40581724 0.28304579 0.31023687 0.30388874 0.35323981 0.26055142 0.1987064 0.17963431 0.23615581 0.15944088 0.17664859 0.2261775 0.19279169 0.23893135 0.24863065 0.2037019
0.31024318 0.30941808 0.26740123 0.25787826 0.2883138 0.23518461 0.2333975 0.2536155 0.22444157 0.21867209 0.22447653 0.27748528 0.3178891 0.24774147 0.27837575 0.25533774 0.19963489 0.20949981 0.24914499 0.23349124 0.28530225 0.32432553 0.32726674 0.3090551 0.31561737 0.307821 0.34058598 0.35325211 0.33535563 0.33026328 0.34562679 0.38660167 0.42681973 0.48639835 0.43333275 0.35862988 0.3250891 0.33280495 0.30539154 0.47924198 0.2919053 0.28809261 0.277555 0.18926674 0.15684114 0.16183177 0.23649928 0.1945823 0.23489313 0.18427049 0.17108345 0.18518094 0.23606321 0.17554818 0.17161443 0.19888749
0.30139111 0.28723508 0.2675031 0.2672562 0.26281767 0.28280325 0.27029309 0.23305423 0.19989652 0.22400526 0.21097128 0.33861642 0.29288326 0.44451492 0.24583025 0.40365691 0.21127259 0.22556302 0.21677574 0.21581121 0.27450501 0.30613108 0.32235088 0.29576971 0.31492278 0.33087523 0.35050921 0.32561243 0.32213683 0.3694474 0.40560128 0.42873858 0.43177326 0.44897116 0.40137815 0.50369668 0.44293982 0.30273417 0.35578556 0.32026528 0.28037828 0.19254225 0.24596845 0.16464881 0.15043734 0.15338073 0.18077872 0.37708115 0.18603004 0.18138223 0.22678302 0.28659013 0.23467419 0.19099941 0.18850248 0.18676543
0.29905115 0.28649484 0.23778682 0.26100456 0.21695864 0.20521814 0.21366274 0.220922 0.19766379 0.2035547 0.19778958 0.17812012 0.20064025 0.34469081 0.20541105 0.20234082 0.21602948 0.21074246 0.24580367 0.21370849 0.25949815 0.29487619 0.2988569 0.29655627 0.31059622 0.28796386 0.29819565 0.31732832 0.33907631 0.35653752 0.36760008 0.37659215 0.38079601 0.40973329 0.43756137 0.45563705 0.46904422 0.29459778 0.3259815 0.28390083 0.22579005 0.1996263 0.19749763 0.17833305 0.15328259 0.18865757 0.14825917 0.16095723 0.26532563 0.23303888 0.24937761 0.18755974 0.19352965 0.18229673 0.21314051 0.21190292
